Date,Market Cap,% Change
2023-04-25,52925590000,-1.81%
2023-04-24,53899840000,-1.18%
2023-04-21,54545010000,-0.76%
2023-04-20,54960690000,-4.96%
2023-04-19,57827150000,0.87%
2023-04-18,57329200000,0.17%
2023-04-17,57233940000,2.25%
2023-04-14,55973910000,-3.48%
2023-04-13,57991690000,0.13%
2023-04-12,57913750000,-0.57%
2023-04-11,58242829999,0.37%
2023-04-10,58030660000,-0.30%
2023-04-06,58203859999,0.52%
2023-04-05,57900760000,0.02%
2023-04-04,57887770000,1.11%
2023-04-03,57251260000,-1.21%
2023-03-31,57952720000,0.99%
2023-03-30,57385490000,1.19%
2023-03-29,56710010000,2.73%
2023-03-28,55203170000,0.02%
2023-03-27,55194510000,-1.54%
2023-03-24,56056180000,4.61%
2023-03-23,53583750000,-1.85%
2023-03-22,54592640000,-2.63%
2023-03-21,56069170000,-1.33%
2023-03-20,56826920000,0.75%
2023-03-17,56402579999,-1.71%
2023-03-16,57381160000,-0.13%
2023-03-15,57454770000,1.17%
2023-03-14,56787950000,0.44%
2023-03-13,56541140000,2.92%
2023-03-10,54939040000,-0.77%
2023-03-09,55363380000,-1.68%
2023-03-08,56307320000,2.78%
2023-03-07,54783160000,-2.78%
2023-03-06,56350619999,-1.04%
2023-03-03,56943829999,1.70%
2023-03-02,55991230000,0.27%
2023-03-01,55839680000,-1.37%
2023-02-28,56614750000,-0.68%
2023-02-27,57004450000,0.37%
2023-02-24,56792280000,-2.31%
2023-02-23,58134579999,0.03%
2023-02-22,58117260000,-1.79%
2023-02-21,59173780000,-2.86%
2023-02-17,60914440000,0.66%
2023-02-16,60516079999,-0.26%
2023-02-15,60676290000,0.78%
2023-02-14,60204320000,-1.90%
2023-02-13,61373420000,0.17%
2023-02-10,61269500000,0.35%
2023-02-09,61053000000,-1.69%
2023-02-08,62100859999,-1.14%
2023-02-07,62815310000,-0.47%
2023-02-06,63114079999,-0.14%
2023-02-03,63205010000,-4.31%
2023-02-02,66049820000,2.30%
2023-02-01,64564630000,0.68%
2023-01-31,64131630000,2.32%
2023-01-30,62676750000,-0.90%
2023-01-27,63248310000,-1.39%
2023-01-26,64140290000,1.83%
2023-01-25,62988510000,0.11%
2023-01-24,62919230000,0.37%
2023-01-23,62689740000,-2.25%
2023-01-20,64135960000,1.98%
2023-01-19,62888920000,-0.01%
2023-01-18,62893250000,-3.37%
2023-01-17,65084230000,-0.36%
2023-01-13,65322380000,-0.26%
2023-01-12,65491250000,-0.22%
2023-01-11,65638470000,3.05%
2023-01-10,63694300000,1.18%
2023-01-09,62949540000,-0.23%
2023-01-06,63092430000,3.52%
2023-01-05,60944750000,-1.81%
2023-01-04,62070550000,3.64%
2023-01-03,59888230000,1.97%
2022-12-30,58732119999,-2.00%
2022-12-29,59931530000,2.63%
2022-12-28,58394380000,-1.51%
2022-12-27,59290690000,-0.04%
2022-12-23,59312339999,1.02%
2022-12-22,58714800000,0.82%
2022-12-21,58238500000,0.52%
2022-12-20,57939730000,0.45%
2022-12-19,57679930000,-1.16%
2022-12-16,58355410000,-2.34%
2022-12-15,59754000000,0.38%
2022-12-14,59528839999,-5.17%
2022-12-13,62772010000,3.01%
2022-12-12,60936089999,0.65%
2022-12-09,60542060000,0.44%
2022-12-08,60277930000,0.35%
2022-12-07,60065760000,1.06%
2022-12-06,59437910000,-0.97%
2022-12-05,60022460000,-1.11%
2022-12-02,60693609999,-1.09%
2022-12-01,61360430000,0.20%
2022-11-30,61239190000,1.67%
2022-11-29,60234630000,1.16%
2022-11-28,59546160000,-2.60%
2022-11-25,61135270000,0.76%
2022-11-23,60671960000,0.73%
2022-11-22,60234630000,
2022-11-21,60234630000,2.41%
2022-11-18,58818720000,1.66%
2022-11-17,57857460000,-1.47%
2022-11-16,58719130000,-0.29%
2022-11-15,58888000000,0.66%
2022-11-14,58502630000,-3.82%
2022-11-11,60823510000,1.31%
2022-11-10,60039780000,8.63%
2022-11-09,55272450000,-1.67%
2022-11-08,56212060000,-0.02%
2022-11-07,56220720000,-0.16%
2022-11-04,56311650000,0.56%
2022-11-03,55995560000,0.37%
2022-11-02,55787720000,-2.59%
2022-11-01,57268579999,-0.75%
2022-10-31,57701579999,0.57%
2022-10-28,57372500000,3.52%
2022-10-27,55424000000,-0.24%
2022-10-26,55558230000,1.49%
2022-10-25,54744190000,3.25%
2022-10-24,53020850000,-0.92%
2022-10-21,53514470000,-2.53%
2022-10-20,54904400000,-2.98%
2022-10-19,56593099999,-2.01%
2022-10-18,57753540000,0.31%
2022-10-17,57576010000,4.17%
2022-10-14,55272450000,-2.65%
2022-10-13,56774960000,1.62%
2022-10-12,55869990000,-2.64%
2022-10-11,57385490000,-0.08%
2022-10-10,57428790000,-1.28%
2022-10-07,58173550000,-2.43%
2022-10-06,59624099999,-5.54%
2022-10-05,63118410000,-3.05%
2022-10-04,65105880000,1.79%
2022-10-03,63958430000,2.19%
2022-09-30,62590150000,0.21%
2022-09-29,62460250000,-3.88%
2022-09-28,64980310000,1.30%
2022-09-27,64144619999,-1.74%
2022-09-26,65279079999,-1.89%
2022-09-23,66534780000,-2.18%
2022-09-22,68019970000,-0.82%
2022-09-21,68582869999,-1.83%
2022-09-20,69860220000,-1.27%
2022-09-19,70760860000,0.12%
2022-09-16,70674260000,1.00%
2022-09-15,69972800000,-2.94%
2022-09-14,72094500000,-1.56%
2022-09-13,73233290000,-4.35%
2022-09-12,76567390000,1.31%
2022-09-09,75580150000,0.18%
2022-09-08,75441590000,0.32%
2022-09-07,75203440000,2.63%
2022-09-06,73276590000,0.88%
2022-09-02,72640080000,-2.47%
2022-09-01,74476000000,0.68%
2022-08-31,73969390000,0.39%
2022-08-30,73683610000,-1.89%
2022-08-29,75103850000,0.02%
2022-08-26,75086530000,-2.26%
2022-08-25,76822860000,1.48%
2022-08-24,75705720000,1.00%
2022-08-23,74956630000,-2.20%
2022-08-22,76641000000,-1.74%
2022-08-19,78000620000,-0.50%
2022-08-18,78394650000,-0.23%
2022-08-17,78576510000,-0.46%
2022-08-16,78940230000,-0.99%
2022-08-15,79732620000,1.35%
2022-08-12,78667440000,1.57%
2022-08-11,77455040000,-1.61%
2022-08-10,78719400000,1.08%
2022-08-09,77879380000,0.35%
2022-08-08,77610920000,0.47%
2022-08-05,77247200000,0.03%
2022-08-04,77225550000,-0.08%
2022-08-03,77290500000,0.37%
2022-08-02,77009050000,-1.18%
2022-08-01,77927010000,-0.38%
2022-07-29,78225780000,-0.30%
2022-07-28,78463930000,4.42%
2022-07-27,75142820000,-0.62%
2022-07-26,75610460000,1.82%
2022-07-25,74259500000,-0.79%
2022-07-22,74848380000,-0.09%
2022-07-21,74913330000,1.45%
2022-07-20,73839490000,-1.73%
2022-07-19,75138490000,2.00%
2022-07-18,73666290000,-1.89%
2022-07-15,75082200000,1.39%
2022-07-14,74051660000,0.06%
2022-07-13,74004030000,-0.02%
2022-07-12,74017020000,-0.77%
2022-07-11,74588580000,0.50%
2022-07-08,74216200000,-0.14%
2022-07-07,74320120000,-0.08%
2022-07-06,74376410000,0.14%
2022-07-05,74272490000,-0.48%
2022-07-01,74631880000,2.36%
2022-06-30,72908540000,0.64%
2022-06-29,72445230000,-0.76%
2022-06-28,72999470000,-2.81%
2022-06-27,75108180000,-0.87%
2022-06-24,75770670000,1.99%
2022-06-23,74294140000,2.09%
2022-06-22,72774310000,3.77%
2022-06-21,70128680000,3.72%
2022-06-17,67612950000,0.75%
2022-06-16,67110670000,-3.28%
2022-06-15,69388250000,1.48%
2022-06-14,68379359999,-4.89%
2022-06-13,71895320000,-3.83%
2022-06-10,74757450000,-3.89%
2022-06-09,77779790000,-2.61%
2022-06-08,79866850000,-0.81%
2022-06-07,80520680000,0.64%
2022-06-06,80009740000,0.95%
2022-06-03,79256320000,-2.23%
2022-06-02,81061930000,-0.47%
2022-06-01,81442970000,-0.82%
2022-05-31,82118450000,-1.93%
2022-05-27,83737870000,3.12%
2022-05-26,81200490000,-1.39%
2022-05-25,82347940000,-0.75%
2022-05-24,82967130000,3.46%
2022-05-23,80195930000,1.65%
2022-05-20,78892600000,2.14%
2022-05-19,77238540000,1.66%
2022-05-18,75974180000,-0.76%
2022-05-17,76554400000,0.63%
2022-05-16,76073770000,-0.45%
2022-05-13,76420170000,2.58%
2022-05-12,74497650000,0.79%
2022-05-11,73913100000,0.24%
2022-05-10,73735570000,-2.90%
2022-05-09,75939540000,-3.95%
2022-05-06,79065800000,0.56%
2022-05-05,78628470000,-1.55%
2022-05-04,79862520000,0.40%
2022-05-03,79546430000,1.60%
2022-05-02,78295060000,-2.37%
2022-04-29,80195930000,-3.57%
2022-04-28,83166310000,1.76%
2022-04-27,81724420000,0.06%
2022-04-26,81672460000,-2.20%
2022-04-25,83512710000,-0.65%
2022-04-22,84062620000,-1.15%
2022-04-21,85041200000,-0.77%
2022-04-20,85703690000,2.09%
2022-04-19,83945710000,1.53%
2022-04-18,82681350000,-0.90%
2022-04-14,83430440000,-0.40%
2022-04-13,83768180000,-0.32%
2022-04-12,84040970000,-1.00%
2022-04-11,84893980000,-0.99%
2022-04-08,85742660000,0.76%
2022-04-07,85093160000,-0.53%
2022-04-06,85547810000,2.31%
2022-04-05,83616630000,2.13%
2022-04-04,81875970000,0.03%
2022-04-01,81854320000,2.41%
2022-03-31,79931800000,0.02%
2022-03-30,79914480000,0.38%
2022-03-29,79615710000,1.68%
2022-03-28,78299390000,1.83%
2022-03-25,76892140000,1.29%
2022-03-24,75909230000,1.09%
2022-03-23,75090860000,-0.34%
2022-03-22,75350660000,-0.62%
2022-03-21,75818300000,0.13%
2022-03-18,75723040000,-1.15%
2022-03-17,76606360000,2.03%
2022-03-16,75082200000,0.37%
2022-03-15,74805080000,-0.01%
2022-03-14,74809410000,-0.50%
2022-03-11,75181790000,-1.44%
2022-03-10,76281610000,1.27%
2022-03-09,75324680000,0.06%
2022-03-08,75277050000,-1.66%
2022-03-07,76545740000,-1.30%
2022-03-04,77550300000,1.85%
2022-03-03,76138720000,1.52%
2022-03-02,74995600000,3.09%
2022-03-01,72748330000,0.85%
2022-02-28,72133470000,-0.59%
2022-02-25,72562140000,1.56%
2022-02-24,71445000000,3.17%
2022-02-23,69249690000,-1.97%
2022-02-22,70643950000,0.50%
2022-02-18,70293220000,-0.63%
2022-02-17,70739210000,-0.79%
2022-02-16,71302110000,-0.56%
2022-02-15,71704800000,-1.18%
2022-02-14,72562140000,-0.77%
2022-02-11,73125040000,-2.41%
2022-02-10,74930650000,-3.67%
2022-02-09,77784120000,1.21%
2022-02-08,76853170000,-1.88%
2022-02-07,78325370000,0.33%
2022-02-04,78069900000,-0.76%
2022-02-03,78667440000,-1.26%
2022-02-02,79672000000,1.90%
2022-02-01,78186810000,-1.06%
2022-01-31,79026830000,1.01%
2022-01-28,78234440000,5.31%
2022-01-27,74289810000,-3.01%
2022-01-26,76597700000,-2.90%
2022-01-25,78883940000,-0.78%
2022-01-24,79503130000,0.75%
2022-01-21,78914250000,0.33%
2022-01-20,78654450000,-0.84%
2022-01-19,79321270000,-0.44%
2022-01-18,79672000000,-0.08%
2022-01-14,79736950000,-1.72%
2022-01-13,81135540000,-1.08%
2022-01-12,82018860000,0.98%
2022-01-11,81226470000,-1.62%
2022-01-10,82560110000,-2.08%
2022-01-07,84318090000,1.16%
2022-01-06,83352500000,2.14%
2022-01-05,81603180000,-6.77%
2022-01-04,87530950000,-2.69%
2022-01-03,89951420000,-0.48%
2021-12-31,90384420000,0.63%
2021-12-30,89821440000,0.30%
2021-12-29,89553600000,0.48%
2021-12-28,89121600000,0.76%
2021-12-27,88452000000,2.69%
2021-12-23,86136480000,-0.10%
2021-12-22,86218560000,0.50%
2021-12-21,85786560000,-1.76%
2021-12-20,87320160000,0.39%
2021-12-17,86978880000,0.43%
2021-12-16,86603040000,1.76%
2021-12-15,85104000000,1.08%
2021-12-14,84196800000,-1.88%
2021-12-13,85808160000,2.81%
2021-12-10,83466720000,1.89%
2021-12-09,81915840000,-1.01%
2021-12-08,82749600000,-0.31%
2021-12-07,83008800000,2.31%
2021-12-06,81138240000,1.60%
2021-12-03,79859520000,-0.42%
2021-12-02,80196480000,2.81%
2021-12-01,78001920000,-0.60%
2021-11-30,78472800000,-2.25%
2021-11-29,80278560000,1.27%
2021-11-26,79272000000,-1.69%
2021-11-24,80637120000,1.63%
2021-11-23,79345440000,0.94%
2021-11-22,78606720000,-0.97%
2021-11-19,79375680000,0.22%
2021-11-18,79198560000,-0.74%
2021-11-17,79790400000,2.49%
2021-11-16,77850720000,-1.41%
2021-11-15,78960960000,1.11%
2021-11-12,78096960000,0.07%
2021-11-11,78045120000,0.18%
2021-11-10,77906880000,-0.28%
2021-11-09,78127200000,0.49%
2021-11-08,77747040000,-0.09%
2021-11-05,77816160000,-0.51%
2021-11-04,78213600000,-1.02%
2021-11-03,79021440000,0.07%
2021-11-02,78969600000,0.71%
2021-11-01,78412320000,0.67%
2021-10-29,77889600000,-0.88%
2021-10-28,78580800000,2.05%
2021-10-27,77004000000,-1.02%
2021-10-26,77794560000,1.37%
2021-10-25,76740480000,-0.83%
2021-10-22,77379840000,0.66%
2021-10-21,76870080000,1.68%
2021-10-20,75600000000,1.23%
2021-10-19,74684160000,3.02%
2021-10-18,72493920000,-0.62%
2021-10-15,72943200000,-1.42%
2021-10-14,73992960000,0.92%
2021-10-13,73319040000,-0.52%
2021-10-12,73699200000,1.09%
2021-10-11,72904320000,-0.62%
2021-10-08,73362240000,-1.75%
2021-10-07,74671200000,-0.85%
2021-10-06,75314880000,1.10%
2021-10-05,74498400000,-0.70%
2021-10-04,75021120000,0.37%
2021-10-01,74744640000,-0.17%
2021-09-30,74874240000,-1.39%
2021-09-29,75932640000,0.41%
2021-09-28,75625920000,-1.24%
2021-09-27,76572000000,-2.65%
2021-09-24,78654240000,-1.24%
2021-09-23,79643520000,-1.65%
2021-09-22,80982720000,-0.17%
2021-09-21,81120960000,0.31%
2021-09-20,80870400000,-0.71%
2021-09-17,81449280000,-0.36%
2021-09-16,81743040000,0.30%
2021-09-15,81496800000,-0.32%
2021-09-14,81756000000,-0.31%
2021-09-13,82006560000,0.78%
2021-09-10,81371520000,-2.13%
2021-09-09,83142720000,-2.08%
2021-09-08,84905280000,0.51%
2021-09-07,84473280000,-1.49%
2021-09-03,85752000000,0.30%
2021-09-02,85492800000,-0.03%
2021-09-01,85514400000,1.67%
2021-08-31,84106080000,1.24%
2021-08-30,83077920000,0.70%
2021-08-27,82499040000,0.65%
2021-08-26,81963360000,-0.30%
2021-08-25,82209600000,-1.16%
2021-08-24,83172960000,-1.75%
2021-08-23,84654720000,-1.06%
2021-08-20,85557600000,0.07%
2021-08-19,85497120000,1.98%
2021-08-18,83833920000,-1.41%
2021-08-17,85034880000,0.96%
2021-08-16,84222720000,0.09%
2021-08-13,84144960000,0.76%
2021-08-12,83509920000,0.71%
2021-08-11,82922400000,0.51%
2021-08-10,82499040000,-1.67%
2021-08-09,83903040000,-0.30%
2021-08-06,84153600000,0.17%
2021-08-05,84006720000,-0.35%
2021-08-04,84300480000,0.19%
2021-08-03,84140640000,0.86%
2021-08-02,83423520000,0.01%
2021-07-30,83414880000,0.14%
2021-07-29,83298240000,-0.06%
2021-07-28,83345760000,-0.84%
2021-07-27,84049920000,1.21%
2021-07-26,83047680000,-0.63%
2021-07-23,83570400000,0.74%
2021-07-22,82956960000,-4.51%
2021-07-21,86875200000,-1.07%
2021-07-20,87816960000,0.62%
2021-07-19,87276960000,-0.53%
2021-07-16,87743520000,0.46%
2021-07-15,87337440000,0.13%
2021-07-14,87220800000,0.75%
2021-07-13,86568480000,-1.32%
2021-07-12,87730560000,0.67%
2021-07-09,87143040000,0.49%
2021-07-08,86719680000,-0.04%
2021-07-07,86758560000,0.60%
2021-07-06,86240160000,1.34%
2021-07-02,85099680000,1.18%
2021-07-01,84110400000,-0.21%
2021-06-30,84283200000,-1.14%
2021-06-29,85255200000,-0.34%
2021-06-28,85548960000,0.76%
2021-06-25,84900960000,0.31%
2021-06-24,84641760000,-0.04%
2021-06-23,84676320000,-0.56%
2021-06-22,85155840000,-0.27%
2021-06-21,85384800000,1.76%
2021-06-18,83911680000,-1.33%
2021-06-17,85043520000,1.50%
2021-06-16,83786400000,-0.80%
2021-06-15,84460320000,-0.80%
2021-06-14,85138560000,1.41%
2021-06-11,83954880000,-2.95%
2021-06-10,86503680000,1.60%
2021-06-09,85142880000,0.41%
2021-06-08,84792960000,-0.89%
2021-06-07,85553280000,0.68%
2021-06-04,84978720000,0.92%
2021-06-03,84201120000,-0.20%
2021-06-02,84373920000,1.98%
2021-06-01,82736640000,1.07%
2021-05-28,81864000000,0.12%
2021-05-27,81768960000,0.48%
2021-05-26,81375840000,0.09%
2021-05-25,81302400000,1.05%
2021-05-24,80455680000,0.37%
2021-05-21,80157600000,0.05%
2021-05-20,80114400000,1.98%
2021-05-19,78559200000,-0.50%
2021-05-18,78956640000,0.42%
2021-05-17,78624000000,0.49%
2021-05-14,78239520000,0.76%
2021-05-13,77652000000,0.51%
2021-05-12,77254560000,-1.86%
2021-05-11,78719040000,-0.53%
2021-05-10,79138080000,-0.07%
2021-05-07,79194240000,1.35%
2021-05-06,78140160000,-1.26%
2021-05-05,79133760000,-0.39%
2021-05-04,79444800000,-2.02%
2021-05-03,81086400000,-0.72%
2021-04-30,81673920000,0.59%
2021-04-29,81198720000,1.50%
2021-04-28,80002080000,0.24%
2021-04-27,79807680000,-0.73%
2021-04-26,80395200000,-0.58%
2021-04-23,80861760000,1.61%
2021-04-22,79578720000,0.72%
2021-04-21,79008480000,-0.06%
2021-04-20,79056000000,1.26%
2021-04-19,78071040000,0.61%
2021-04-16,77595840000,0.08%
2021-04-15,77531040000,2.15%
2021-04-14,75898080000,-0.80%
2021-04-13,76511520000,-0.24%
2021-04-12,76697280000,1.31%
2021-04-09,75703680000,-0.29%
2021-04-08,75924000000,-0.29%
2021-04-07,76144320000,-0.20%
2021-04-06,76299840000,-0.46%
2021-04-05,76654080000,1.71%
2021-04-01,75366720000,1.35%
2021-03-31,74360160000,0.67%
2021-03-30,73867680000,-2.31%
2021-03-29,75612960000,1.00%
2021-03-26,74861280000,3.46%
2021-03-25,72355680000,-0.11%
2021-03-24,72437760000,-0.60%
2021-03-23,72874080000,0.48%
2021-03-22,72528480000,1.37%
2021-03-19,71547840000,0.26%
2021-03-18,71362080000,0.14%
2021-03-17,71262720000,-0.05%
2021-03-16,71301600000,2.17%
2021-03-15,69785280000,1.80%
2021-03-12,68549760000,1.89%
2021-03-11,67279680000,2.50%
2021-03-10,65638080000,0.60%
2021-03-09,65249280000,2.91%
2021-03-08,63404640000,-2.25%
2021-03-05,64864800000,0.68%
2021-03-04,64424160000,0.41%
2021-03-03,64160640000,-3.03%
2021-03-02,66165120000,-0.37%
2021-03-01,66411359999,-1.30%
2021-02-26,67284000000,-2.42%
2021-02-25,68951520000,-0.99%
2021-02-24,69638400000,-0.27%
2021-02-23,69828480000,-2.23%
2021-02-22,71418240000,-0.29%
2021-02-19,71625600000,0.55%
2021-02-18,71236800000,1.09%
2021-02-17,70472160000,0.72%
2021-02-16,69966720000,-1.52%
2021-02-12,71046720000,1.52%
2021-02-11,69984000000,-0.66%
2021-02-10,70450560000,-0.55%
2021-02-09,70843680000,1.92%
2021-02-08,69508800000,-0.84%
2021-02-05,70096320000,-0.53%
2021-02-04,70472160000,-0.02%
2021-02-03,70485120000,-1.48%
2021-02-02,71543520000,0.82%
2021-02-01,70964640000,3.15%
2021-01-29,68800320000,0.71%
2021-01-28,68312160000,-1.09%
2021-01-27,69068160000,-2.18%
2021-01-26,70610400000,1.59%
2021-01-25,69504480000,1.24%
2021-01-22,68653439999,-0.26%
2021-01-21,68834880000,0.18%
2021-01-20,68713920000,-0.21%
2021-01-19,68856480000,1.36%
2021-01-15,67932000000,1.61%
2021-01-14,66856319999,1.36%
2021-01-13,65962080000,1.48%
2021-01-12,64998720000,-1.70%
2021-01-11,66121920000,-0.65%
2021-01-08,66553920000,1.06%
2021-01-07,65858399999,0.67%
2021-01-06,65417760000,-2.69%
2021-01-05,67223520000,0.39%
2021-01-04,66960000000,-2.63%
2020-12-31,68770080000,3.96%
2020-12-30,66152969999,0.37%
2020-12-29,65907630000,-0.28%
2020-12-28,66093750000,1.46%
2020-12-24,65142000000,1.01%
2020-12-23,64490580000,-0.67%
2020-12-22,64926270000,0.15%
2020-12-21,64828979999,-0.36%
2020-12-18,65061630000,-1.25%
2020-12-17,65882250000,1.06%
2020-12-16,65192760000,-0.83%
2020-12-15,65738430000,0.14%
2020-12-14,65645370000,-1.58%
2020-12-11,66698640000,0.29%
2020-12-10,66504060000,-0.74%
2020-12-09,66998969999,-1.82%
2020-12-08,68242590000,-0.69%
2020-12-07,68716349999,-0.64%
2020-12-04,69160500000,-2.35%
2020-12-03,70827120000,0.36%
2020-12-02,70573320000,-2.32%
2020-12-01,72248400000,1.93%
2020-11-30,70882110000,0.24%
2020-11-27,70712910000,1.34%
2020-11-25,69778080000,0.43%
2020-11-24,69477750000,-1.27%
2020-11-23,70370280000,-0.37%
2020-11-20,70628310000,-0.67%
2020-11-19,71102070000,-1.50%
2020-11-18,72184950000,2.59%
2020-11-17,70361820000,0.56%
2020-11-16,69972660000,-1.54%
2020-11-13,71068230000,0.63%
2020-11-12,70619850000,1.40%
2020-11-11,69642720000,2.63%
2020-11-10,67857659999,-0.84%
2020-11-09,68432940000,-1.40%
2020-11-06,69401610000,0.71%
2020-11-05,68915160000,0.49%
2020-11-04,68580990000,1.11%
2020-11-03,67828050000,0.55%
2020-11-02,67460039999,2.10%
2020-10-30,66072599999,-0.96%
2020-10-29,66711330000,0.55%
2020-10-28,66347550000,-2.34%
2020-10-27,67938030000,0.43%
2020-10-26,67646159999,0.92%
2020-10-23,67032810000,1.42%
2020-10-22,66093750000,-4.60%
2020-10-21,69283170000,-0.41%
2020-10-20,69566580000,0.09%
2020-10-19,69507360000,-1.55%
2020-10-16,70598700000,-0.74%
2020-10-15,71123220000,1.88%
2020-10-14,69807690000,-1.06%
2020-10-13,70556400000,-0.85%
2020-10-12,71161290000,0.52%
2020-10-09,70793280000,0.95%
2020-10-08,70124940000,0.52%
2020-10-07,69761160000,-0.10%
2020-10-06,69833070000,-2.12%
2020-10-05,71343180000,0.02%
2020-10-02,71326260000,0.36%
2020-10-01,71068230000,0.91%
2020-09-30,70429500000,0.46%
2020-09-29,70104860000,0.36%
2020-09-28,69852930000,1.16%
2020-09-25,69050170000,2.74%
2020-09-24,67209800000,1.14%
2020-09-23,66449740000,-2.73%
2020-09-22,68311459999,1.52%
2020-09-21,67286660000,-1.32%
2020-09-18,68183360000,-1.83%
2020-09-17,69451550000,-2.12%
2020-09-16,70954590000,1.66%
2020-09-15,69797420000,2.06%
2020-09-14,68388320000,0.99%
2020-09-11,67717930000,-0.11%
2020-09-10,67790519999,-1.57%
2020-09-09,68870830000,1.76%
2020-09-08,67679500000,-1.30%
2020-09-04,68571930000,-0.69%
2020-09-03,69050170000,-2.75%
2020-09-02,71001560000,2.58%
2020-09-01,69216700000,-0.70%
2020-08-31,69707750000,-0.33%
2020-08-28,69938330000,0.23%
2020-08-27,69780340000,1.52%
2020-08-26,68734190000,0.17%
2020-08-25,68614630000,-0.20%
2020-08-24,68751270000,-1.32%
2020-08-21,69673590000,0.18%
2020-08-20,69549760000,0.15%
2020-08-19,69447280000,-2.02%
2020-08-18,70882000000,-0.04%
2020-08-17,70907620000,0.87%
2020-08-14,70297010000,0.16%
2020-08-13,70181720000,-0.51%
2020-08-12,70540400000,2.11%
2020-08-11,69084330000,-2.64%
2020-08-10,70958860000,-1.20%
2020-08-07,71817130000,2.64%
2020-08-06,69972490000,-0.40%
2020-08-05,70250040000,-0.82%
2020-08-04,70830760000,1.08%
2020-08-03,70070700000,-1.56%
2020-07-31,71180900000,-2.06%
2020-07-30,72679670000,-2.11%
2020-07-29,74242490000,1.22%
2020-07-28,73350060000,1.98%
2020-07-27,71923880000,1.04%
2020-07-24,71180900000,-0.04%
2020-07-23,71206520000,-0.77%
2020-07-22,71761620000,0.32%
2020-07-21,71535310000,-1.55%
2020-07-20,72658320000,0.71%
2020-07-17,72145920000,1.94%
2020-07-16,70770980000,-1.35%
2020-07-15,71736000000,-0.80%
2020-07-14,72312450000,1.46%
2020-07-13,71270570000,-2.68%
2020-07-10,73230500000,-0.09%
2020-07-09,73294550000,0.14%
2020-07-08,73192070000,-0.06%
2020-07-07,73234770000,-1.60%
2020-07-06,74426100000,2.10%
2020-07-02,72897440000,-0.68%
2020-07-01,73397030000,2.71%
2020-06-30,71458450000,5.58%
2020-06-29,67679100000,0.60%
2020-06-26,67274610000,-2.06%
2020-06-25,68688240000,1.62%
2020-06-24,67595700000,-2.07%
2020-06-23,69026010000,-0.49%
2020-06-22,69363780000,-2.41%
2020-06-19,71077650000,3.15%
2020-06-18,68909250000,-2.48%
2020-06-17,70660650000,-0.08%
2020-06-16,70719030000,1.21%
2020-06-15,69876690000,1.95%
2020-06-12,68542290000,2.27%
2020-06-11,67020240000,-7.68%
2020-06-10,72595530000,-0.14%
2020-06-09,72699780000,0.87%
2020-06-08,72070110000,2.51%
2020-06-05,70306200000,0.57%
2020-06-04,69910050000,-3.96%
2020-06-03,72791520000,0.01%
2020-06-02,72787350000,0.45%
2020-06-01,72462090000,0.94%
2020-05-29,71790720000,2.00%
2020-05-28,70385430000,3.51%
2020-05-27,67996020000,2.17%
2020-05-26,66549030000,2.17%
2020-05-22,65135399999,3.56%
2020-05-21,62896110000,-1.00%
2020-05-20,63534120000,-0.13%
2020-05-19,63617520000,-2.46%
2020-05-18,65218800000,4.17%
2020-05-15,62608379999,-1.25%
2020-05-14,63400680000,-0.75%
2020-05-13,63880230000,-0.67%
2020-05-12,64309740000,-3.49%
2020-05-11,66632430000,1.33%
2020-05-08,65760899999,1.95%
2020-05-07,64505730000,-0.19%
2020-05-06,64630830000,-2.33%
2020-05-05,66169560000,0.60%
2020-05-04,65773409999,0.84%
2020-05-01,65222970000,-1.89%
2020-04-30,66482310000,2.57%
2020-04-29,64818480000,-3.61%
2020-04-28,67245420000,-1.55%
2020-04-27,68304600000,1.36%
2020-04-24,67391370000,0.66%
2020-04-23,66949350000,-1.61%
2020-04-22,68041889999,2.19%
2020-04-21,66582389999,-1.69%
2020-04-20,67729139999,-2.77%
2020-04-17,69659850000,3.24%
2020-04-16,67470600000,-0.41%
2020-04-15,67745820000,-2.00%
2020-04-14,69130260000,5.56%
2020-04-13,65489850000,-4.32%
2020-04-09,68446379999,4.31%
2020-04-08,65619120000,7.38%
2020-04-07,61107180000,-1.49%
2020-04-06,62028750000,2.15%
2020-04-03,60723540000,-0.51%
2020-04-02,61036290000,6.38%
2020-04-01,57375030000,-4.72%
2020-03-31,60214800000,-2.24%
2020-03-30,61592960000,8.16%
2020-03-27,56946239999,-3.92%
2020-03-26,59267520000,11.34%
2020-03-25,53231360000,3.44%
2020-03-24,51463360000,5.75%
2020-03-23,48663680000,-8.65%
2020-03-20,53272960000,-2.06%
2020-03-19,54392000000,-5.47%
2020-03-18,57536960000,-5.83%
2020-03-17,61097920000,8.14%
2020-03-16,56501120000,-12.43%
2020-03-13,64517440000,8.83%
2020-03-12,59284160000,-7.37%
2020-03-11,64001600000,-3.45%
2020-03-10,66289600000,6.04%
2020-03-09,62516480000,-6.55%
2020-03-06,66901120000,-0.88%
2020-03-05,67491840000,-0.81%
2020-03-04,68040960000,3.43%
2020-03-03,65782080000,1.21%
2020-03-02,64995840000,9.04%
2020-02-28,59608640000,-3.44%
2020-02-27,61734400000,-8.78%
2020-02-26,67679040000,-0.20%
2020-02-25,67816320000,-2.01%
2020-02-24,69205760000,-1.01%
2020-02-21,69912960000,0.64%
2020-02-20,69467840000,0.84%
2020-02-19,68889600000,-0.37%
2020-02-18,69143360000,0.14%
2020-02-14,69043520000,1.25%
2020-02-13,68190719999,0.44%
2020-02-12,67895360000,1.35%
2020-02-11,66988480000,5.30%
2020-02-10,63614719999,1.61%
2020-02-07,62603840000,-0.01%
2020-02-06,62608000000,0.36%
2020-02-05,62383360000,-0.33%
2020-02-04,62587199999,0.84%
2020-02-03,62063040000,-0.43%
2020-01-31,62333440000,-0.85%
2020-01-30,62870080000,1.40%
2020-01-29,62004800000,-1.77%
2020-01-28,63119679999,0.95%
2020-01-27,62524800000,0.27%
2020-01-24,62358400000,0.08%
2020-01-23,62308480000,0.73%
2020-01-22,61855040000,0.32%
2020-01-21,61655360000,2.04%
2020-01-17,60424000000,0.01%
2020-01-16,60415679999,0.82%
2020-01-15,59924800000,1.48%
2020-01-14,59051199999,-0.94%
2020-01-13,59608640000,0.63%
2020-01-10,59238400000,1.53%
2020-01-09,58344000000,0.57%
2020-01-08,58011199999,0.42%
2020-01-07,57769920000,-1.69%
2020-01-06,58764160000,-0.84%
2020-01-03,59263360000,0.55%
2020-01-02,58938880000,-0.33%
2019-12-31,59134400000,0.53%
2019-12-30,58822400000,0.23%
2019-12-27,58689280000,0.34%
2019-12-26,58489600000,0.40%
2019-12-24,58256640000,-0.38%
2019-12-23,58481280000,-1.00%
2019-12-20,59072000000,1.49%
2019-12-19,58206719999,1.98%
2019-12-18,57075199999,3.04%
2019-12-17,55390400000,-1.00%
2019-12-16,55952000000,1.37%
2019-12-13,55194880000,0.52%
2019-12-12,54912000000,-1.94%
2019-12-11,55997760000,0.46%
2019-12-10,55744000000,-1.38%
2019-12-09,56526080000,0.31%
2019-12-06,56351360000,0.34%
2019-12-05,56160000000,0.35%
2019-12-04,55964480000,0.28%
2019-12-03,55806400000,2.44%
2019-12-02,54475199999,-2.03%
2019-11-29,55602560000,-0.09%
2019-11-27,55652480000,-0.47%
2019-11-26,55914560000,2.30%
2019-11-25,54658239999,-0.70%
2019-11-22,55045120000,-2.31%
2019-11-21,56347199999,-1.05%
2019-11-20,56946239999,1.91%
2019-11-19,55877120000,-1.19%
2019-11-18,56551040000,0.94%
2019-11-15,56026880000,0.76%
2019-11-14,55606719999,1.75%
2019-11-13,54649920000,0.54%
2019-11-12,54354560000,-0.34%
2019-11-11,54541760000,0.23%
2019-11-08,54416960000,-0.83%
2019-11-07,54874560000,-1.49%
2019-11-06,55706560000,1.71%
2019-11-05,54770560000,-2.11%
2019-11-04,55952000000,-2.12%
2019-11-01,57166719999,-0.99%
2019-10-31,57736640000,-0.33%
2019-10-30,57928000000,0.17%
2019-10-29,57832320000,-0.27%
2019-10-28,57990400000,-1.13%
2019-10-25,58656000000,-0.50%
2019-10-24,58951360000,0.57%
2019-10-23,58614400000,-0.28%
2019-10-22,58780800000,-1.43%
2019-10-21,59633600000,-0.49%
2019-10-18,59928960000,3.21%
2019-10-17,58065280000,3.63%
2019-10-16,56031040000,0.03%
2019-10-15,56014400000,-1.09%
2019-10-14,56630080000,-0.40%
2019-10-11,56858880000,-1.11%
2019-10-10,57499520000,0.71%
2019-10-09,57096000000,0.12%
2019-10-08,57025280000,-0.26%
2019-10-07,57175040000,-0.35%
2019-10-04,57374719999,0.42%
2019-10-03,57133440000,0.62%
2019-10-02,56784000000,-0.21%
2019-10-01,56904640000,-1.60%
2019-09-30,57828160000,0.83%
2019-09-27,57353920000,-2.91%
2019-09-26,59072000000,1.36%
2019-09-25,58277440000,-1.59%
2019-09-24,59217600000,0.64%
2019-09-23,58839040000,0.61%
2019-09-20,58481280000,-0.47%
2019-09-19,58755840000,0.49%
2019-09-18,58468800000,-1.35%
2019-09-17,59271679999,3.28%
2019-09-16,57391360000,1.11%
2019-09-13,56759040000,-1.71%
2019-09-12,57744960000,0.11%
2019-09-11,57682560000,-0.47%
2019-09-10,57957120000,-2.90%
2019-09-09,59687679999,-2.02%
2019-09-06,60919040000,-0.43%
2019-09-05,61181120000,-1.34%
2019-09-04,62013120000,1.01%
2019-09-03,61393280000,1.66%
2019-08-30,60390719999,-0.53%
2019-08-29,60715199999,-0.34%
2019-08-28,60923199999,0.26%
2019-08-27,60765120000,-1.03%
2019-08-26,61397440000,0.85%
2019-08-23,60877440000,0.16%
2019-08-22,60781760000,0.65%
2019-08-21,60390719999,0.46%
2019-08-20,60116160000,-0.24%
2019-08-19,60261760000,1.36%
2019-08-16,59454719999,0.36%
2019-08-15,59242560000,2.50%
2019-08-14,57799040000,-2.12%
2019-08-13,59051199999,0.32%
2019-08-12,58864000000,0.18%
2019-08-09,58755840000,0.21%
2019-08-08,58631040000,1.95%
2019-08-07,57512000000,1.43%
2019-08-06,56700800000,2.38%
2019-08-05,55382080000,-1.55%
2019-08-02,56255679999,1.04%
2019-08-01,55677440000,0.44%
2019-07-31,55436160000,0.44%
2019-07-30,55194880000,1.94%
2019-07-29,54146560000,-0.32%
2019-07-26,54321280000,0.86%
2019-07-25,53859520000,0.20%
2019-07-24,53751360000,1.18%
2019-07-23,53123200000,1.01%
2019-07-22,52590720000,0.75%
2019-07-19,52199680000,-1.10%
2019-07-18,52777920000,-3.61%
2019-07-17,54753920000,-0.83%
2019-07-16,55211520000,-0.35%
2019-07-15,55407040000,0.51%
2019-07-12,55128320000,-1.26%
2019-07-11,55831360000,-1.37%
2019-07-10,56609280000,0.56%
2019-07-09,56293120000,0.17%
2019-07-08,56197440000,0.64%
2019-07-05,55839679999,-0.22%
2019-07-03,55960320000,0.95%
2019-07-02,55432000000,2.41%
2019-07-01,54129920000,-0.18%
2019-06-28,54225600000,-0.09%
2019-06-27,54275520000,0.01%
2019-06-26,54271360000,-2.09%
2019-06-25,55432000000,-1.41%
2019-06-24,56222400000,-0.46%
2019-06-21,56484480000,-0.83%
2019-06-20,56958719999,0.22%
2019-06-19,56833920000,0.43%
2019-06-18,56592640000,0.04%
2019-06-17,56571840000,2.01%
2019-06-14,55456960000,0.57%
2019-06-13,55140800000,-1.88%
2019-06-12,56197440000,-0.60%
2019-06-11,56534400000,0.88%
2019-06-10,56039360000,-0.38%
2019-06-07,56251520000,0.13%
2019-06-06,56180800000,0.36%
2019-06-05,55981120000,2.06%
2019-06-04,54853760000,0.02%
2019-06-03,54841280000,1.40%
2019-05-31,54084160000,1.82%
2019-05-30,53119040000,1.74%
2019-05-29,52212160000,-0.48%
2019-05-28,52465920000,-1.34%
2019-05-24,53177280000,0.11%
2019-05-23,53119040000,0.84%
2019-05-22,52678080000,1.26%
2019-05-21,52020800000,1.26%
2019-05-20,51371840000,-2.95%
2019-05-17,52936000000,-0.22%
2019-05-16,53052480000,0.23%
2019-05-15,52931840000,0.28%
2019-05-14,52786240000,0.47%
2019-05-13,52540800000,0.49%
2019-05-10,52282880000,1.33%
2019-05-09,51596480000,0.26%
2019-05-08,51463360000,0.39%
2019-05-07,51263680000,-1.23%
2019-05-06,51904320000,-0.02%
2019-05-03,51912640000,0.61%
2019-05-02,51596480000,-0.34%
2019-05-01,51771200000,-1.06%
2019-04-30,52324480000,1.76%
2019-04-29,51417600000,-0.33%
2019-04-26,51588160000,1.10%
2019-04-25,51026560000,-0.37%
2019-04-24,51217920000,-0.25%
2019-04-23,51346880000,0.69%
2019-04-22,50993280000,-0.03%
2019-04-18,51009920000,-1.25%
2019-04-17,51654720000,-0.35%
2019-04-16,51837760000,-2.19%
2019-04-15,52998400000,-1.14%
2019-04-12,53609920000,0.11%
2019-04-11,53551679999,-1.17%
2019-04-10,54184000000,0.32%
2019-04-09,54009280000,1.03%
2019-04-08,53460160000,-0.46%
2019-04-05,53705600000,0.69%
2019-04-04,53335360000,-0.13%
2019-04-03,53406080000,0.01%
2019-04-02,53401920000,1.34%
2019-04-01,52694720000,-0.80%
2019-03-29,53120000000,0.61%
2019-03-28,52800450000,0.67%
2019-03-27,52447700000,0.67%
2019-03-26,52099100000,0.21%
2019-03-25,51991200000,-0.18%
2019-03-22,52082500000,-0.71%
2019-03-21,52456000000,0.51%
2019-03-20,52190400000,0.96%
2019-03-19,51696550000,-0.07%
2019-03-18,51733900000,-0.30%
2019-03-15,51887450000,0.82%
2019-03-14,51464150000,-0.80%
2019-03-13,51879150000,0.94%
2019-03-12,51397750000,0.25%
2019-03-11,51269100000,2.13%
2019-03-08,50198400000,0.18%
2019-03-07,50107100000,0.05%
2019-03-06,50082200000,0.92%
2019-03-05,49625700000,0.06%
2019-03-04,49596650000,0.23%
2019-03-01,49480450000,0.40%
2019-02-28,49281250000,0.36%
2019-02-27,49102800000,0.13%
2019-02-26,49040550000,
2019-02-25,49040550000,-1.42%
2019-02-22,49746050000,0.43%
2019-02-21,49534400000,-0.18%
2019-02-20,49625700000,-0.47%
2019-02-19,49862250000,0.02%
2019-02-15,49853950000,1.16%
2019-02-14,49281250000,0.26%
2019-02-13,49152600000,0.90%
2019-02-12,48712700000,-0.89%
2019-02-11,49152600000,0.06%
2019-02-08,49123550000,0.08%
2019-02-07,49086200000,0.78%
2019-02-06,48704400000,-1.56%
2019-02-05,49476300000,1.34%
2019-02-04,48820600000,0.56%
2019-02-01,48546700000,-0.07%
2019-01-31,48579900000,1.38%
2019-01-30,47920050000,0.37%
2019-01-29,47745750000,0.59%
2019-01-28,47467700000,0.60%
2019-01-25,47185500000,1.60%
2019-01-24,46442650000,1.49%
2019-01-23,45762050000,0.99%
2019-01-22,45313850000,1.47%
2019-01-18,44658150000,-0.01%
2019-01-17,44662300000,0.27%
2019-01-16,44541950000,-0.07%
2019-01-15,44571000000,0.92%
2019-01-14,44164300000,-0.89%
2019-01-11,44562700000,0.50%
2019-01-10,44342750000,1.12%
2019-01-09,43853050000,-1.74%
2019-01-08,44629100000,-0.98%
2019-01-07,45069000000,0.49%
2019-01-04,44849050000,1.49%
2019-01-03,44189200000,0.50%
2019-01-02,43969250000,-2.47%
2018-12-31,45081450000,0.47%
2018-12-28,44869800000,0.22%
2018-12-27,44770200000,0.23%
2018-12-26,44666450000,3.62%
2018-12-24,43106050000,-2.19%
2018-12-21,44073000000,-3.45%
2018-12-20,45650000000,-0.24%
2018-12-19,45757900000,-0.33%
2018-12-18,45907300000,-0.26%
2018-12-17,46027650000,-3.18%
2018-12-14,47538250000,-0.43%
2018-12-13,47745750000,-0.37%
2018-12-12,47924200000,-0.57%
2018-12-11,48198100000,0.03%
2018-12-10,48181500000,0.29%
2018-12-07,48040400000,-1.46%
2018-12-06,48750050000,2.15%
2018-12-04,47725000000,1.14%
2018-12-03,47185500000,-1.04%
2018-11-30,47683500000,1.68%
2018-11-29,46895000000,0.78%
2018-11-28,46529800000,1.48%
2018-11-27,45849200000,1.93%
2018-11-26,44981850000,0.40%
2018-11-23,44803400000,-1.38%
2018-11-21,45430050000,-0.15%
2018-11-20,45496450000,-2.35%
2018-11-19,46592050000,0.13%
2018-11-16,46529800000,1.38%
2018-11-15,45894850000,0.26%
2018-11-14,45774500000,-0.34%
2018-11-13,45932200000,0.87%
2018-11-12,45537950000,-1.03%
2018-11-09,46011050000,-0.54%
2018-11-08,46260050000,-0.23%
2018-11-07,46367950000,0.47%
2018-11-06,46152150000,0.16%
2018-11-05,46077450000,1.55%
2018-11-02,45376100000,0.02%
2018-11-01,45367800000,0.53%
2018-10-31,45127100000,-0.71%
2018-10-30,45450800000,3.27%
2018-10-29,44010750000,2.42%
2018-10-26,42969100000,-3.55%
2018-10-25,44550250000,0.53%
2018-10-24,44313700000,0.58%
2018-10-23,44056400000,0.36%
2018-10-22,43898700000,-1.08%
2018-10-19,44375950000,0.29%
2018-10-18,44247300000,-0.16%
2018-10-17,44317850000,-0.10%
2018-10-16,44363500000,1.32%
2018-10-15,43786650000,0.53%
2018-10-12,43554250000,-0.31%
2018-10-11,43691200000,-3.16%
2018-10-10,45114650000,-2.12%
2018-10-09,46094050000,0.73%
2018-10-08,45762050000,1.41%
2018-10-05,45127100000,0.39%
2018-10-04,44952800000,-0.48%
2018-10-03,45168600000,-0.22%
2018-10-02,45268200000,-1.20%
2018-10-01,45820150000,-0.83%
2018-09-28,46201950000,2.21%
2018-09-27,45201800000,0.36%
2018-09-26,45039950000,-1.06%
2018-09-25,45521350000,-0.49%
2018-09-24,45745450000,-1.32%
2018-09-21,46359650000,-0.61%
2018-09-20,46646000000,0.52%
2018-09-19,46405300000,-0.31%
2018-09-18,46550550000,-0.47%
2018-09-17,46770500000,1.03%
2018-09-14,46293250000,-0.84%
2018-09-13,46687500000,0.25%
2018-09-12,46571300000,0.10%
2018-09-11,46525650000,-0.46%
2018-09-10,46741450000,-0.35%
2018-09-07,46903300000,-1.15%
2018-09-06,47446950000,0.38%
2018-09-05,47268500000,0.23%
2018-09-04,47160600000,-0.34%
2018-08-31,47322450000,0.24%
2018-08-30,47210400000,-0.18%
2018-08-29,47297550000,0.35%
2018-08-28,47131550000,1.74%
2018-08-27,46326450000,-0.71%
2018-08-24,46658450000,0.76%
2018-08-23,46305700000,-0.07%
2018-08-22,46338900000,-1.05%
2018-08-21,46832750000,-1.23%
2018-08-20,47417900000,0.35%
2018-08-17,47251900000,1.04%
2018-08-16,46766350000,0.39%
2018-08-15,46583750000,0.90%
2018-08-14,46168750000,0.57%
2018-08-13,45907300000,0.25%
2018-08-10,45791100000,-0.97%
2018-08-09,46239300000,1.33%
2018-08-08,45633400000,-1.16%
2018-08-07,46168750000,0.23%
2018-08-06,46065000000,-1.32%
2018-08-03,46683350000,1.11%
2018-08-02,46168750000,-0.26%
2018-08-01,46289100000,0.64%
2018-07-31,45994450000,1.11%
2018-07-30,45488150000,0.50%
2018-07-27,45259900000,-0.45%
2018-07-26,45463250000,0.58%
2018-07-25,45201800000,0.86%
2018-07-24,44815850000,-0.70%
2018-07-23,45131250000,-1.43%
2018-07-20,45786950000,-0.63%
2018-07-19,46077450000,0.53%
2018-07-18,45832600000,-0.39%
2018-07-17,46011050000,0.27%
2018-07-16,45886550000,-0.44%
2018-07-13,46089900000,0.28%
2018-07-12,45961250000,-0.10%
2018-07-11,46006900000,0.24%
2018-07-10,45899000000,0.90%
2018-07-09,45488150000,-1.49%
2018-07-06,46177050000,0.24%
2018-07-05,46065000000,1.83%
2018-07-03,45239150000,0.77%
2018-07-02,44894700000,0.33%
2018-06-29,44745300000,0.20%
2018-06-28,44654000000,1.19%
2018-06-27,44126950000,-0.03%
2018-06-26,44139400000,1.99%
2018-06-25,43276200000,0.66%
2018-06-22,42994000000,0.67%
2018-06-21,42707650000,0.31%
2018-06-20,42574850000,0.65%
2018-06-19,42300950000,0.96%
2018-06-18,41898400000,-0.13%
2018-06-15,41952350000,-0.08%
2018-06-14,41985550000,0.10%
2018-06-13,41944050000,-3.45%
2018-06-12,43442200000,1.31%
2018-06-11,42881950000,0.28%
2018-06-08,42761600000,0.55%
2018-06-07,42529200000,-0.40%
2018-06-06,42699350000,-0.25%
2018-06-05,42807250000,-1.14%
2018-06-04,43301100000,0.52%
2018-06-01,43077000000,-0.34%
2018-05-31,43222250000,0.12%
2018-05-30,43168300000,0.54%
2018-05-29,42935900000,0.70%
2018-05-25,42637100000,0.87%
2018-05-24,42267750000,-0.30%
2018-05-23,42396400000,0.43%
2018-05-22,42213800000,-0.37%
2018-05-21,42371500000,-0.13%
2018-05-18,42425450000,0.31%
2018-05-17,42292650000,-1.05%
2018-05-16,42740850000,-0.28%
2018-05-15,42861200000,-0.01%
2018-05-14,42865350000,-0.31%
2018-05-11,42998150000,-1.25%
2018-05-10,43541800000,1.09%
2018-05-09,43072850000,1.02%
2018-05-08,42637100000,0.18%
2018-05-07,42562400000,-0.73%
2018-05-04,42873650000,1.71%
2018-05-03,42151550000,0.74%
2018-05-02,41840300000,-0.04%
2018-05-01,41856900000,-0.01%
2018-04-30,41861050000,-0.43%
2018-04-27,42043650000,-3.61%
2018-04-26,43616500000,-0.10%
2018-04-25,43658000000,-0.14%
2018-04-24,43720250000,0.38%
2018-04-23,43554250000,2.27%
2018-04-20,42587300000,-0.02%
2018-04-19,42595600000,-3.71%
2018-04-18,44234850000,0.42%
2018-04-17,44048100000,1.73%
2018-04-16,43296950000,0.55%
2018-04-13,43060400000,-0.10%
2018-04-12,43101900000,-0.95%
2018-04-11,43516900000,1.18%
2018-04-10,43010600000,-4.80%
2018-04-09,45176900000,0.79%
2018-04-06,44824150000,-1.63%
2018-04-05,45567000000,0.82%
2018-04-04,45197650000,1.42%
2018-04-03,44566850000,-1.30%
2018-04-02,45152000000,0.72%
2018-03-29,44830490000,-1.15%
2018-03-28,45349920000,0.19%
2018-03-27,45264030000,-0.59%
2018-03-26,45533970000,1.52%
2018-03-23,44850940000,0.65%
2018-03-22,44560550000,1.26%
2018-03-21,44004310000,-1.18%
2018-03-20,44527830000,0.63%
2018-03-19,44249710000,-0.82%
2018-03-16,44613720000,-0.48%
2018-03-15,44830490000,-2.20%
2018-03-14,45840720000,0.38%
2018-03-13,45668940000,0.24%
2018-03-12,45558510000,0.36%
2018-03-09,45394910000,0.68%
2018-03-08,45088160000,2.45%
2018-03-07,44008400000,-0.12%
2018-03-06,44061570000,0.01%
2018-03-05,44057480000,3.02%
2018-03-02,42765040000,-1.42%
2018-03-01,43382630000,-3.63%
2018-02-28,45014540000,-0.27%
2018-02-27,45137240000,-1.06%
2018-02-26,45619860000,1.00%
2018-02-23,45169960000,1.83%
2018-02-22,44360140000,1.56%
2018-02-21,43677110000,-1.64%
2018-02-20,44405130000,-0.50%
2018-02-16,44630080000,1.37%
2018-02-15,44024760000,2.16%
2018-02-14,43092240000,-0.94%
2018-02-13,43501240000,1.19%
2018-02-12,42989990000,1.20%
2018-02-09,42478740000,0.05%
2018-02-08,42458290000,-4.54%
2018-02-07,44478750000,0.18%
2018-02-06,44396950000,-1.77%
2018-02-05,45198590000,-1.42%
2018-02-02,45848900000,-0.86%
2018-02-01,46245630000,0.27%
2018-01-31,46122930000,2.49%
2018-01-30,45002270000,0.18%
2018-01-29,44920470000,-0.72%
2018-01-26,45247670000,1.86%
2018-01-25,44421490000,-0.89%
2018-01-24,44822310000,-0.67%
2018-01-23,45124970000,1.87%
2018-01-22,44294700000,0.88%
2018-01-19,43906150000,1.17%
2018-01-18,43398990000,0.08%
2018-01-17,43366270000,0.67%
2018-01-16,43075880000,1.69%
2018-01-12,42360130000,-0.12%
2018-01-11,42409210000,-1.17%
2018-01-10,42912280000,-2.56%
2018-01-09,44041120000,-0.62%
2018-01-08,44315150000,0.30%
2018-01-05,44184270000,0.76%
2018-01-04,43848890000,-1.16%
2018-01-03,44364230000,-0.42%
2018-01-02,44552370000,-1.22%
2017-12-29,45100920780,1.08%
2017-12-28,44617449960,0.36%
2017-12-27,44459001540,0.42%
2017-12-26,44272113660,0.39%
2017-12-22,44101476900,0.34%
2017-12-21,43951154040,0.27%
2017-12-20,43833333420,-0.61%
2017-12-19,44101476900,-0.99%
2017-12-18,44540257140,-0.92%
2017-12-15,44954660700,0.04%
2017-12-14,44938409580,-0.68%
2017-12-13,45247180860,0.43%
2017-12-12,45052167420,-0.02%
2017-12-11,45060292980,1.29%
2017-12-08,44487441000,-0.19%
2017-12-07,44572759380,0.49%
2017-12-06,44357432040,0.34%
2017-12-05,44207109180,-0.75%
2017-12-04,44540257140,-2.59%
2017-12-01,45726588900,-0.40%
2017-11-30,45909414000,0.12%
2017-11-29,45852535080,-0.58%
2017-11-28,46120678560,0.20%
2017-11-27,46027234620,0.51%
2017-11-24,45795656160,0.79%
2017-11-22,45438131520,-0.24%
2017-11-21,45547826580,1.48%
2017-11-20,44885593440,0.42%
2017-11-17,44698705560,-0.99%
2017-11-16,45145611360,-1.27%
2017-11-15,45726588900,-0.54%
2017-11-14,45974418480,0.23%
2017-11-13,45868786200,-0.34%
2017-11-10,46023171840,-0.19%
2017-11-09,46112553000,-0.46%
2017-11-08,46327880340,2.03%
2017-11-07,45405629280,-0.04%
2017-11-06,45425943180,4.98%
2017-11-03,43272669780,0.13%
2017-11-02,43215790860,1.17%
2017-11-01,42716068920,-1.81%
2017-10-31,43504248240,0.91%
2017-10-30,43110158580,2.83%
2017-10-27,41923826820,0.01%
2017-10-26,41919764040,-0.90%
2017-10-25,42301665360,0.06%
2017-10-24,42277288680,0.11%
2017-10-23,42232598100,-0.99%
2017-10-20,42655127220,1.71%
2017-10-19,41936015160,2.24%
2017-10-18,41017826880,-0.41%
2017-10-17,41188463640,-0.46%
2017-10-16,41379414300,-0.63%
2017-10-13,41643495000,-0.58%
2017-10-12,41887261800,0.87%
2017-10-11,41525674380,0.61%
2017-10-10,41273782020,-0.52%
2017-10-09,41489109360,0.59%
2017-10-06,41245342560,-0.05%
2017-10-05,41265656460,-0.31%
2017-10-04,41395665420,2.25%
2017-10-03,40485602700,-0.04%
2017-10-02,40501853820,2.46%
2017-09-29,39527992820,-0.56%
2017-09-28,39749393860,0.55%
2017-09-27,39531946410,0.42%
2017-09-26,39365895630,-0.56%
2017-09-25,39587296670,-0.47%
2017-09-22,39773115400,-0.98%
2017-09-21,40168474400,-0.24%
2017-09-20,40263360560,-0.31%
2017-09-19,40389875440,-2.23%
2017-09-18,41311061910,-0.94%
2017-09-15,41702467320,0.64%
2017-09-14,41437576790,-0.13%
2017-09-13,41492927050,-1.19%
2017-09-12,41991079390,-0.67%
2017-09-11,42275737870,0.41%
2017-09-08,42101779910,-0.47%
2017-09-07,42299459410,0.92%
2017-09-06,41912007590,-0.95%
2017-09-05,42315273770,0.02%
2017-09-01,42307366590,-1.32%
2017-08-31,42872729960,1.09%
2017-08-30,42410159930,0.23%
2017-08-29,42311320180,-0.03%
2017-08-28,42323180950,0.06%
2017-08-25,42299459410,0.23%
2017-08-24,42200619660,0.60%
2017-08-23,41947589900,0.34%
2017-08-22,41805260660,0.87%
2017-08-21,41445483970,0.68%
2017-08-18,41164779080,-0.02%
2017-08-17,41172686260,0.34%
2017-08-16,41034310610,0.71%
2017-08-15,40745698540,0.67%
2017-08-14,40472900830,1.51%
2017-08-11,39871955150,0.14%
2017-08-10,39816604890,-0.06%
2017-08-09,39840326430,0.74%
2017-08-08,39547760770,-1.11%
2017-08-07,39990562850,-0.85%
2017-08-04,40334525180,1.09%
2017-08-03,39899630280,-0.87%
2017-08-02,40251499790,0.91%
2017-08-01,39887769510,0.31%
2017-07-31,39765208220,
2017-07-28,39765208220,0.39%
2017-07-27,39611018210,0.63%
2017-07-26,39361942040,0.06%
2017-07-25,39338220500,0.36%
2017-07-24,39195891260,-0.03%
2017-07-21,39207752030,1.95%
2017-07-20,38456569930,-1.41%
2017-07-19,39006118940,2.09%
2017-07-18,38207493760,-0.18%
2017-07-17,38274704790,-4.24%
2017-07-14,39970794900,0.79%
2017-07-13,39658461290,0.26%
2017-07-12,39555667950,1.79%
2017-07-11,38859836110,-0.89%
2017-07-10,39207752030,-0.30%
2017-07-07,39326359730,1.12%
2017-07-06,38891464830,-0.65%
2017-07-05,39144494590,-0.30%
2017-07-03,39263102290,-0.87%
2017-06-30,39607064620,8.63%
2017-06-29,36460234790,-1.14%
2017-06-28,36879401740,-0.72%
2017-06-27,37145481630,2.17%
2017-06-26,36358176750,-0.09%
2017-06-23,36390981120,0.10%
2017-06-22,36354531820,0.24%
2017-06-21,36267053500,-1.11%
2017-06-20,36675285660,-0.46%
2017-06-19,36846597370,-0.09%
2017-06-16,36879401740,-0.12%
2017-06-15,36923140900,-0.60%
2017-06-14,37145481630,-0.22%
2017-06-13,37225670090,-0.08%
2017-06-12,37254829530,0.15%
2017-06-09,37200155580,0.87%
2017-06-08,36879401740,-1.97%
2017-06-07,37619322530,0.05%
2017-06-06,37601097880,-0.29%
2017-06-05,37710445780,-1.08%
2017-06-02,38122322870,1.10%
2017-06-01,37706800850,1.77%
2017-05-31,37050713450,-1.81%
2017-05-30,37732315360,0.69%
2017-05-26,37473525330,0.03%
2017-05-25,37462590540,1.59%
2017-05-24,36875756810,0.39%
2017-05-23,36733604540,0.87%
2017-05-22,36416495630,0.47%
2017-05-19,36245183920,0.80%
2017-05-18,35957234450,0.54%
2017-05-17,35764053160,2.28%
2017-05-16,34965813490,0.21%
2017-05-15,34892914890,1.78%
2017-05-12,34284211580,-0.38%
2017-05-11,34415429060,-0.31%
2017-05-10,34521132030,-0.25%
2017-05-09,34608610350,-0.43%
2017-05-08,34758052480,-0.58%
2017-05-05,34962168560,1.20%
2017-05-04,34546646540,0.75%
2017-05-03,34287856509,-0.30%
2017-05-02,34389914550,-0.36%
2017-05-01,34513842170,0.10%
2017-04-28,34481037800,-0.44%
2017-04-27,34634124860,0.55%
2017-04-26,34444588500,0.24%
2017-04-25,34360755110,-0.46%
2017-04-24,34521132030,-0.86%
2017-04-21,34820016290,-0.53%
2017-04-20,35005907720,-0.50%
2017-04-19,35180864360,-0.28%
2017-04-18,35279277470,0.51%
2017-04-17,35100675900,0.31%
2017-04-13,34991328000,-0.47%
2017-04-12,35155349850,0.66%
2017-04-11,34925719260,0.88%
2017-04-10,34619545140,0.51%
2017-04-07,34444588500,0.13%
2017-04-06,34400849340,0.74%
2017-04-05,34149349170,-0.15%
2017-04-04,34200378190,-0.42%
2017-04-03,34346175390,-0.23%
2017-03-31,34426363850,0.83%
2017-03-30,34141923840,0.08%
2017-03-29,34113057280,-0.04%
2017-03-28,34127490560,0.66%
2017-03-27,33903774719,0.30%
2017-03-24,33802741760,0.73%
2017-03-23,33557376000,1.40%
2017-03-22,33095511040,1.12%
2017-03-21,32727462400,-0.21%
2017-03-20,32796020480,1.21%
2017-03-17,32402713600,0.20%
2017-03-16,32337763840,-0.33%
2017-03-15,32446013440,0.30%
2017-03-14,32348588800,-1.05%
2017-03-13,32691379199,0.35%
2017-03-10,32575912960,-0.25%
2017-03-09,32658904320,-0.11%
2017-03-08,32694987520,-0.97%
2017-03-07,33016128000,-0.50%
2017-03-06,33182110719,0.23%
2017-03-03,33106336000,-1.01%
2017-03-02,33445518080,-0.34%
2017-03-01,33560984320,-0.56%
2017-02-28,33748616960,1.04%
2017-02-27,33402218239,-0.02%
2017-02-24,33409434880,1.46%
2017-02-23,32929528320,0.75%
2017-02-22,32684162560,0.64%
2017-02-21,32474880000,0.86%
2017-02-17,32197039360,-1.40%
2017-02-16,32655296000,0.51%
2017-02-15,32489313280,-0.23%
2017-02-14,32565088000,0.03%
2017-02-13,32554263040,3.04%
2017-02-10,31594449920,-0.25%
2017-02-09,31673832960,0.14%
2017-02-08,31630533120,0.27%
2017-02-07,31543933440,0.44%
2017-02-06,31406817280,-1.92%
2017-02-03,32020231680,1.11%
2017-02-02,31670224640,1.29%
2017-02-01,31266092800,-1.34%
2017-01-31,31691874560,1.23%
2017-01-30,31305784320,-0.10%
2017-01-27,31338259199,-1.32%
2017-01-26,31756824320,0.95%
2017-01-25,31457333760,-0.55%
2017-01-24,31630533120,0.69%
2017-01-23,31414033920,0.28%
2017-01-20,31327434239,1.19%
2017-01-19,30959385600,-1.61%
2017-01-18,31464550400,-0.18%
2017-01-17,31522283520,1.96%
2017-01-13,30916085760,0.59%
2017-01-12,30735669760,-0.02%
2017-01-11,30742886400,1.00%
2017-01-10,30439787520,-1.60%
2017-01-09,30934127360,0.27%
2017-01-06,30851136000,-1.99%
2017-01-05,31478983680,-0.09%
2017-01-04,31507850239,0.60%
2017-01-03,31320217600,2.51%
2016-12-30,30553105320,-0.28%
2016-12-29,30637613160,0.28%
2016-12-28,30553105320,-0.87%
2016-12-27,30820713480,0.33%
2016-12-23,30718599840,0.13%
2016-12-22,30679867080,
2016-12-21,30679867080,-0.50%
2016-12-20,30834798119,0.36%
2016-12-19,30725642160,1.82%
2016-12-16,30176341200,-0.22%
2016-12-15,30243243240,-0.37%
2016-12-14,30355920359,-1.99%
2016-12-13,30972123359,1.28%
2016-12-12,30581274599,1.50%
2016-12-09,30130566119,0.67%
2016-12-08,29929860000,0.31%
2016-12-07,29838309840,1.56%
2016-12-06,29380559040,0.22%
2016-12-05,29317178160,1.69%
2016-12-02,28831258080,0.43%
2016-12-01,28708017480,-2.31%
2016-11-30,29387601359,-2.08%
2016-11-29,30010846680,1.04%
2016-11-28,29700984599,-0.50%
2016-11-25,29848873320,0.72%
2016-11-23,29634082560,-1.48%
2016-11-22,30077748720,1.03%
2016-11-21,29771407800,-0.53%
2016-11-18,29929860000,-0.13%
2016-11-17,29968592760,0.02%
2016-11-16,29961550440,2.78%
2016-11-15,29151683640,0.98%
2016-11-14,28869990840,-0.32%
2016-11-11,28961541000,-0.78%
2016-11-10,29190416400,-3.30%
2016-11-09,30186904680,-4.53%
2016-11-08,31620016800,0.85%
2016-11-07,31352408640,1.40%
2016-11-04,30919305960,0.16%
2016-11-03,30870009720,-0.26%
2016-11-02,30950996400,-2.27%
2016-11-01,31669313040,-1.15%
2016-10-31,32039034840,-0.25%
2016-10-28,32120021520,0.48%
2016-10-27,31965090480,-1.89%
2016-10-26,32581293480,-1.50%
2016-10-25,33077777040,-1.26%
2016-10-24,33500316240,0.23%
2016-10-21,33422850720,3.69%
2016-10-20,32232698640,-0.19%
2016-10-19,32292558359,-0.12%
2016-10-18,32331291119,-0.18%
2016-10-17,32391150840,-0.04%
2016-10-14,32405235480,0.23%
2016-10-13,32331291119,0.40%
2016-10-12,32201008200,2.75%
2016-10-11,31338324000,0.34%
2016-10-10,31232689200,0.45%
2016-10-07,31091842800,-0.61%
2016-10-06,31281985440,-0.25%
2016-10-05,31359450960,-1.98%
2016-10-04,31993259760,-2.74%
2016-10-03,32894676720,-0.84%
2016-09-30,33172848359,4.53%
2016-09-29,31734391640,-0.38%
2016-09-28,31855914680,-0.64%
2016-09-27,32061828720,-0.66%
2016-09-26,32274494040,0.45%
2016-09-23,32129341520,0.37%
2016-09-22,32011194120,1.49%
2016-09-21,31541980160,2.04%
2016-09-20,30910735479,-0.25%
2016-09-19,30988375200,1.58%
2016-09-16,30505658680,-1.19%
2016-09-15,30873603439,0.08%
2016-09-14,30849973960,-0.52%
2016-09-13,31012004680,-2.19%
2016-09-12,31707386520,0.66%
2016-09-09,31498096840,-4.45%
2016-09-08,32966500240,-1.20%
2016-09-07,33368201399,0.84%
2016-09-06,33091398920,2.05%
2016-09-02,32426397840,1.38%
2016-09-01,31984189000,-0.02%
2016-08-31,31990940280,0.62%
2016-08-30,31795153160,0.49%
2016-08-29,31639873720,0.50%
2016-08-26,31481218640,-1.30%
2016-08-25,31896422360,-0.30%
2016-08-24,31990940280,1.13%
2016-08-23,31633122439,
2016-08-22,31633122439,0.36%
2016-08-19,31518350680,-0.99%
2016-08-18,31832285200,-0.30%
2016-08-17,31926803120,-0.23%
2016-08-16,32001067200,-1.47%
2016-08-15,32477032439,-0.32%
2016-08-12,32581677280,0.26%
2016-08-11,32497286280,0.10%
2016-08-10,32463529880,0.37%
2016-08-09,32345382479,-0.08%
2016-08-08,32372387600,-0.33%
2016-08-05,32480408080,-0.67%
2016-08-04,32699824680,0.79%
2016-08-03,32443276040,-0.77%
2016-08-02,32696449040,-0.90%
2016-08-01,32993505360,0.73%
2016-07-29,32753834920,0.48%
2016-07-28,32598555479,0.52%
2016-07-27,32429773479,-0.69%
2016-07-26,32655941360,-0.60%
2016-07-25,32851728479,-1.57%
2016-07-22,33374952680,0.61%
2016-07-21,33172414280,-0.22%
2016-07-20,33246678360,-1.17%
2016-07-19,33641628240,0.27%
2016-07-18,33550485960,-0.72%
2016-07-15,33793532040,0.64%
2016-07-14,33577491080,-0.33%
2016-07-13,33688887200,-0.35%
2016-07-12,33807034600,-0.39%
2016-07-11,33938684560,-1.62%
2016-07-08,34499040800,0.68%
2016-07-07,34266121640,-0.40%
2016-07-06,34404522880,-0.62%
2016-07-05,34620563840,1.36%
2016-07-01,34154725520,-0.25%
2016-06-30,34239116520,1.10%
2016-06-29,33867394800,1.34%
2016-06-28,33418440000,1.87%
2016-06-27,32804080800,0.77%
2016-06-24,32554286400,0.37%
2016-06-23,32432764800,0.88%
2016-06-22,32149214400,-0.14%
2016-06-21,32193097200,1.02%
2016-06-20,31869039600,
2016-06-17,31869039600,-0.25%
2016-06-16,31950054000,0.73%
2016-06-15,31717137599,0.32%
2016-06-14,31615869600,-0.89%
2016-06-13,31899420000,0.39%
2016-06-10,31774522800,-0.31%
2016-06-09,31872415200,0.46%
2016-06-08,31727264400,-0.03%
2016-06-07,31737391200,1.05%
2016-06-06,31406582400,0.30%
2016-06-03,31312065600,1.05%
2016-06-02,30988008000,1.10%
2016-06-01,30650448000,-0.01%
2016-05-31,30653823600,0.01%
2016-05-27,30650448000,-0.01%
2016-05-26,30653823600,-0.30%
2016-05-25,30744964800,-0.23%
2016-05-24,30815852400,1.03%
2016-05-23,30501921600,0.49%
2016-05-20,30353395200,0.44%
2016-05-19,30221746800,-1.06%
2016-05-18,30545804400,0.41%
2016-05-17,30420907200,-0.25%
2016-05-16,30498545999,0.56%
2016-05-13,30329765999,-0.67%
2016-05-12,30535677599,0.38%
2016-05-11,30420907200,-0.51%
2016-05-10,30576184800,1.24%
2016-05-09,30201493200,1.28%
2016-05-06,29820050400,0.45%
2016-05-05,29685026400,0.03%
2016-05-04,29674899600,1.88%
2016-05-03,29128052400,-1.42%
2016-05-02,29546626800,0.75%
2016-04-29,29327212800,-0.30%
2016-04-28,29414978400,-0.68%
2016-04-27,29617514400,0.21%
2016-04-26,29556753600,0.44%
2016-04-25,29428480800,-0.65%
2016-04-22,29620890000,2.17%
2016-04-21,28993028400,-1.95%
2016-04-20,29570255999,-0.56%
2016-04-19,29735660400,0.58%
2016-04-18,29563504800,0.34%
2016-04-15,29462236800,0.14%
2016-04-14,29421729600,-0.84%
2016-04-13,29671524000,0.25%
2016-04-12,29597260800,0.19%
2016-04-11,29539875600,-0.61%
2016-04-08,29722158000,1.48%
2016-04-07,29290081200,-0.25%
2016-04-06,29364344400,0.98%
2016-04-05,29080794000,-1.00%
2016-04-04,29374471200,-0.10%
2016-04-01,29404851600,0.71%
2016-03-31,29198940000,0.52%
2016-03-30,29048094150,0.56%
2016-03-29,28887699750,0.89%
2016-03-28,28633741950,0.13%
2016-03-24,28596984900,-0.09%
2016-03-23,28623717300,-0.40%
2016-03-22,28737330000,0.09%
2016-03-21,28710597600,-0.58%
2016-03-18,28877675100,0.51%
2016-03-17,28730646900,1.14%
2016-03-16,28406516550,-0.34%
2016-03-15,28503421500,0.35%
2016-03-14,28403175000,-0.91%
2016-03-11,28663815900,0.92%
2016-03-10,28403175000,-0.26%
2016-03-09,28476689100,-0.30%
2016-03-08,28563569400,-0.92%
2016-03-07,28827551850,-1.12%
2016-03-04,29155023750,-0.73%
2016-03-03,29368882950,-0.59%
2016-03-02,29542643550,0.76%
2016-03-01,29318759700,1.43%
2016-02-29,28904407500,0.83%
2016-02-26,28667157450,-1.10%
2016-02-25,28984604700,0.51%
2016-02-24,28837576500,-0.06%
2016-02-23,28854284250,-0.47%
2016-02-22,28991287800,1.52%
2016-02-19,28556886299,-0.65%
2016-02-18,28744013100,1.58%
2016-02-17,28296245400,0.81%
2016-02-16,28069020000,1.05%
2016-02-12,27778305150,1.99%
2016-02-11,27236974050,-0.39%
2016-02-10,27343903650,-0.45%
2016-02-09,27467541000,0.61%
2016-02-08,27300463500,-2.81%
2016-02-05,28089069300,-2.51%
2016-02-04,28810844100,-0.63%
2016-02-03,28994629350,0.65%
2016-02-02,28807502549,-0.70%
2016-02-01,29011337099,0.72%
2016-01-29,28804161000,1.64%
2016-01-28,28339685550,1.95%
2016-01-27,27798354450,-0.50%
2016-01-26,27938699550,2.98%
2016-01-25,27130044450,-0.53%
2016-01-22,27273731100,3.15%
2016-01-21,26441685150,1.16%
2016-01-20,26137604100,-1.61%
2016-01-19,26565322500,0.48%
2016-01-15,26438343600,-5.76%
2016-01-14,28055653799,1.43%
2016-01-13,27661350900,-1.52%
2016-01-12,28089069300,0.44%
2016-01-11,27965431950,0.73%
2016-01-08,27761597400,-1.40%
2016-01-07,28155900300,-2.49%
2016-01-06,28874333550,-0.84%
2016-01-05,29118266700,2.05%
2016-01-04,28533495450,-1.23%
2015-12-31,28887699750,-0.31%
2015-12-30,28977834040,-1.11%
2015-12-29,29304176000,1.06%
2015-12-28,28997814160,0.16%
2015-12-24,28951193880,-0.41%
2015-12-23,29071074600,0.30%
2015-12-22,28984494080,1.29%
2015-12-21,28614861860,1.31%
2015-12-18,28245229639,-0.98%
2015-12-17,28524951320,-0.36%
2015-12-16,28628181940,0.20%
2015-12-15,28571571600,0.70%
2015-12-14,28371770400,0.45%
2015-12-11,28245229639,-0.70%
2015-12-10,28445030840,0.02%
2015-12-09,28438370800,-0.66%
2015-12-08,28628181940,-0.54%
2015-12-07,28784692880,1.56%
2015-12-04,28341800220,0.41%
2015-12-03,28225249520,-1.25%
2015-12-02,28581561660,-1.66%
2015-12-01,29064414560,1.59%
2015-11-30,28608201820,-0.19%
2015-11-27,28661482139,-0.32%
2015-11-25,28754722700,-0.44%
2015-11-24,28881263460,-0.77%
2015-11-23,29104374800,0.40%
2015-11-20,28987824100,1.04%
2015-11-19,28688122300,0.33%
2015-11-18,28594881740,1.20%
2015-11-17,28255219700,0.32%
2015-11-16,28165309160,1.10%
2015-11-13,27858947320,-0.58%
2015-11-12,28022118300,-0.57%
2015-11-11,28181959260,0.36%
2015-11-10,28082058660,0.46%
2015-11-09,27952187880,-0.92%
2015-11-06,28211929440,-2.10%
2015-11-05,28817993080,-0.92%
2015-11-04,29084394680,-0.34%
2015-11-03,29184295280,-0.13%
2015-11-02,29220925500,2.68%
2015-10-30,28458350919,-0.25%
2015-10-29,28528281340,-0.37%
2015-10-28,28634841980,0.24%
2015-10-27,28564911560,-0.68%
2015-10-26,28761382740,1.23%
2015-10-23,28411730639,-1.69%
2015-10-22,28901243580,4.40%
2015-10-21,27682456260,-0.05%
2015-10-20,27695776340,0.74%
2015-10-19,27492645120,1.10%
2015-10-16,27192943320,0.42%
2015-10-15,27079722639,1.04%
2015-10-14,26800000960,-0.81%
2015-10-13,27019782280,-0.44%
2015-10-12,27139663000,0.38%
2015-10-09,27036432380,-0.55%
2015-10-08,27186283280,0.48%
2015-10-07,27056412500,0.62%
2015-10-06,26889911500,-0.82%
2015-10-05,27113022840,1.85%
2015-10-02,26620179880,0.44%
2015-10-01,26503629180,0.91%
2015-09-30,26263867740,1.71%
2015-09-29,25821288970,-0.05%
2015-09-28,25834610929,-1.50%
2015-09-25,26227608750,2.57%
2015-09-24,25571502220,-0.07%
2015-09-23,25588154670,0.33%
2015-09-22,25504892420,-1.38%
2015-09-21,25861254850,0.31%
2015-09-18,25781323090,-0.74%
2015-09-17,25974491510,-0.46%
2015-09-16,26094389150,-0.03%
2015-09-15,26101050130,-0.43%
2015-09-14,26214286789,0.10%
2015-09-11,26187642870,-0.83%
2015-09-10,26407455210,-1.87%
2015-09-09,26910359200,-1.91%
2015-09-08,27433246130,1.64%
2015-09-04,26990290960,-1.55%
2015-09-03,27416593679,0.06%
2015-09-02,27399941230,0.99%
2015-09-01,27130171539,-2.31%
2015-08-31,27772956110,-0.43%
2015-08-28,27892853750,-0.32%
2015-08-27,27982776980,2.92%
2015-08-26,27190120360,2.65%
2015-08-25,26487386970,-0.50%
2015-08-24,26620606570,-3.31%
2015-08-21,27533160830,-2.04%
2015-08-20,28106005110,-1.22%
2015-08-19,28452376070,0.12%
2015-08-18,28419071170,-1.17%
2015-08-17,28755450660,0.31%
2015-08-14,28665527429,1.44%
2015-08-13,28259207650,-0.12%
2015-08-12,28292512550,0.91%
2015-08-11,28036064820,0.75%
2015-08-10,27826243950,1.47%
2015-08-07,27423254660,0.37%
2015-08-06,27323339960,-0.26%
2015-08-05,27393280250,0.30%
2015-08-04,27310018000,0.15%
2015-08-03,27270052120,-0.04%
2015-07-31,27280043590,0.54%
2015-07-30,27133502030,-0.79%
2015-07-29,27349983880,-0.17%
2015-07-28,27396610740,-0.36%
2015-07-27,27496525440,0.16%
2015-07-24,27453229070,-1.00%
2015-07-23,27729659740,3.29%
2015-07-22,26847079890,-0.22%
2015-07-21,26907028710,-1.46%
2015-07-20,27306687510,1.11%
2015-07-17,27006943410,-0.73%
2015-07-16,27206772810,0.55%
2015-07-15,27056900760,-0.36%
2015-07-14,27153484970,0.79%
2015-07-13,26940333610,-0.55%
2015-07-10,27090205660,1.12%
2015-07-09,26790461560,-0.10%
2015-07-08,26817105480,-1.38%
2015-07-07,27193450850,1.10%
2015-07-06,26897037240,-0.43%
2015-07-02,27013604390,0.05%
2015-07-01,27000282429,0.96%
2015-06-30,26743834700,-0.21%
2015-06-29,26800501859,-1.32%
2015-06-26,27160240140,-0.46%
2015-06-25,27286814720,-0.35%
2015-06-24,27383411109,-0.74%
2015-06-23,27586596619,0.19%
2015-06-22,27533302060,-0.16%
2015-06-19,27576603890,-0.85%
2015-06-18,27813098500,1.09%
2015-06-17,27513316600,-0.40%
2015-06-16,27623236630,0.35%
2015-06-15,27526640240,-0.07%
2015-06-12,27546625700,-0.28%
2015-06-11,27623236630,0.81%
2015-06-10,27400065660,0.34%
2015-06-09,27306800180,-0.74%
2015-06-08,27509985690,-0.23%
2015-06-05,27573272980,-1.06%
2015-06-04,27869723970,2.07%
2015-06-03,27303469270,-0.46%
2015-06-02,27430043850,0.11%
2015-06-01,27400065660,0.87%
2015-05-29,27163571050,-0.88%
2015-05-28,27403396570,0.39%
2015-05-27,27296807450,0.04%
2015-05-26,27286814720,-0.17%
2015-05-22,27333447460,-0.02%
2015-05-21,27340109280,-0.98%
2015-05-20,27609912990,-1.30%
2015-05-19,27972982180,0.47%
2015-05-18,27843076690,-0.25%
2015-05-15,27913025800,1.23%
2015-05-14,27573272980,0.53%
2015-05-13,27426712940,-0.74%
2015-05-12,27629898450,0.30%
2015-05-11,27546625700,-1.16%
2015-05-08,27869723970,1.28%
2015-05-07,27516647510,0.67%
2015-05-06,27333447460,0.54%
2015-05-05,27186887420,-1.80%
2015-05-04,27686523920,-0.06%
2015-05-01,27703178470,-0.43%
2015-04-30,27823091230,-1.25%
2015-04-29,28176167690,-1.28%
2015-04-28,28542567790,0.81%
2015-04-27,28312735000,-1.14%
2015-04-24,28639164180,-0.76%
2015-04-23,28859004240,0.72%
2015-04-22,28652487820,0.27%
2015-04-21,28575876890,-0.74%
2015-04-20,28789055130,0.69%
2015-04-17,28592531440,-0.19%
2015-04-16,28645826000,0.17%
2015-04-15,28595862350,0.54%
2015-04-14,28442640490,0.46%
2015-04-13,28312735000,0.37%
2015-04-10,28209476790,-0.53%
2015-04-09,28359367740,-0.27%
2015-04-08,28435978670,-0.35%
2015-04-07,28535905970,0.86%
2015-04-06,28292749540,0.94%
2015-04-02,28029607650,0.51%
2015-04-01,27886378520,1.43%
2015-03-31,27493331140,-2.08%
2015-03-30,28077565680,-0.50%
2015-03-27,28217304720,0.24%
2015-03-26,28150762320,-0.04%
2015-03-25,28160743680,-1.40%
2015-03-24,28559998080,-0.48%
2015-03-23,28696410000,-0.63%
2015-03-20,28879401600,1.11%
2015-03-19,28563325200,-0.68%
2015-03-18,28759625280,1.08%
2015-03-17,28453530240,-0.33%
2015-03-16,28546689600,1.05%
2015-03-13,28250575920,-1.21%
2015-03-12,28596596400,1.21%
2015-03-11,28253903040,0.41%
2015-03-10,28137453839,-1.09%
2015-03-09,28446876000,0.54%
2015-03-06,28293828480,-1.41%
2015-03-05,28699737120,0.51%
2015-03-04,28553343839,-0.56%
2015-03-03,28713045600,-0.10%
2015-03-02,28742989680,0.09%
2015-02-27,28716372720,0.26%
2015-02-26,28643176080,-0.57%
2015-02-25,28806204960,-0.26%
2015-02-24,28882728720,-1.24%
2015-02-23,29245384800,-0.91%
2015-02-20,29514881519,1.05%
2015-02-19,29208786480,-0.46%
2015-02-18,29345198400,0.68%
2015-02-17,29145571200,-0.45%
2015-02-13,29278656000,0.47%
2015-02-12,29142244080,0.47%
2015-02-11,29005832160,0.01%
2015-02-10,29002505040,1.14%
2015-02-09,28676447280,-0.54%
2015-02-06,28832821920,-0.08%
2015-02-05,28856111760,0.53%
2015-02-04,28703064240,-1.11%
2015-02-03,29025794880,1.02%
2015-02-02,28733008320,-0.17%
2015-01-30,28782915120,-0.29%
2015-01-29,28866093120,-0.46%
2015-01-28,28999177920,-0.73%
2015-01-27,29212113600,-0.28%
2015-01-26,29295291600,1.41%
2015-01-23,28889382960,1.85%
2015-01-22,28363698000,4.78%
2015-01-21,27069448320,-0.79%
2015-01-20,27285711120,-0.75%
2015-01-16,27491992560,1.23%
2015-01-15,27159280560,-0.02%
2015-01-14,27165934800,0.39%
2015-01-13,27059466960,-0.23%
2015-01-12,27122682240,-0.12%
2015-01-09,27155953440,-0.18%
2015-01-08,27205860240,1.58%
2015-01-07,26783316000,2.09%
2015-01-06,26234341200,-0.19%
2015-01-05,26284248000,-0.64%
2015-01-02,26453931120,1.03%
2014-12-31,26184434400,-0.16%
2014-12-30,26225273840,-0.18%
2014-12-29,26271796120,0.01%
2014-12-26,26268473100,
2014-12-24,26268473100,-0.16%
2014-12-23,26311672360,1.14%
2014-12-22,26015923580,1.28%
2014-12-19,25686944600,1.01%
2014-12-18,25431072060,1.89%
2014-12-17,24959203220,-0.48%
2014-12-16,25078831940,-0.33%
2014-12-15,25161907440,-0.17%
2014-12-12,25205106700,-1.26%
2014-12-11,25527439639,-0.83%
2014-12-10,25740112919,-1.91%
2014-12-09,26241888940,-0.23%
2014-12-08,26301703300,-0.15%
2014-12-05,26341579540,-0.85%
2014-12-04,26567544900,0.06%
2014-12-03,26550929800,-0.20%
2014-12-02,26604098120,-2.66%
2014-12-01,27331839500,-1.01%
2014-11-28,27610973180,0.70%
2014-11-26,27418238020,0.16%
2014-11-25,27375038760,0.26%
2014-11-24,27305255340,0.58%
2014-11-21,27149073400,0.89%
2014-11-20,26909815960,0.26%
2014-11-19,26840032540,0.31%
2014-11-18,26756957040,0.50%
2014-11-17,26624036240,-0.34%
2014-11-14,26713757780,0.22%
2014-11-13,26653943419,-0.37%
2014-11-12,26753634020,1.13%
2014-11-11,26454562220,-0.38%
2014-11-10,26554252820,0.14%
2014-11-07,26517699600,-0.08%
2014-11-06,26537637720,0.66%
2014-11-05,26364840680,1.51%
2014-11-04,25972724320,-1.05%
2014-11-03,26248534980,1.11%
2014-10-31,25959432240,-6.15%
2014-10-30,27660818480,0.90%
2014-10-29,27414915000,-1.24%
2014-10-28,27760509080,-1.03%
2014-10-27,28049611820,-0.40%
2014-10-24,28162594500,0.55%
2014-10-23,28009735580,0.86%
2014-10-22,27770478139,-1.12%
2014-10-21,28086165040,2.50%
2014-10-20,27401622919,2.00%
2014-10-17,26863293680,2.01%
2014-10-16,26334933500,-0.36%
2014-10-15,26431301080,-1.56%
2014-10-14,26850001600,2.97%
2014-10-13,26075737940,-1.08%
2014-10-10,26361517660,-1.48%
2014-10-09,26756957040,-1.20%
2014-10-08,27082613000,1.00%
2014-10-07,26813448380,-0.69%
2014-10-06,26999537500,0.05%
2014-10-03,26986245419,0.88%
2014-10-02,26750311000,0.65%
2014-10-01,26577513960,-0.68%
2014-09-30,26760280060,0.87%
2014-09-29,26529881530,0.01%
2014-09-26,26526557400,1.08%
2014-09-25,26244006350,-1.00%
2014-09-24,26509936750,0.47%
2014-09-23,26386943940,1.02%
2014-09-22,26121013540,-1.45%
2014-09-19,26506612620,-0.55%
2014-09-18,26652874340,0.58%
2014-09-17,26499964360,0.63%
2014-09-16,26333757860,1.06%
2014-09-15,26057855070,-0.51%
2014-09-12,26190820270,-2.06%
2014-09-11,26742625850,0.66%
2014-09-10,26566446960,0.28%
2014-09-09,26493316100,-1.03%
2014-09-08,26769218890,-0.14%
2014-09-05,26805784320,0.50%
2014-09-04,26672819120,0.34%
2014-09-03,26583067610,0.55%
2014-09-02,26436805890,0.03%
2014-08-29,26430157630,-0.30%
2014-08-28,26509936750,0.04%
2014-08-27,26499964360,0.19%
2014-08-26,26450102409,0.01%
2014-08-25,26446778280,0.10%
2014-08-22,26420185240,-0.65%
2014-08-21,26593040000,1.85%
2014-08-20,26111041150,0.27%
2014-08-19,26041234420,-0.24%
2014-08-18,26104392890,0.09%
2014-08-15,26081123979,0.46%
2014-08-14,25961455300,0.58%
2014-08-13,25811869450,0.17%
2014-08-12,25768655760,-0.32%
2014-08-11,25851759010,0.44%
2014-08-08,25738738590,1.08%
2014-08-07,25462835800,0.84%
2014-08-06,25250091479,4.27%
2014-08-05,24216287050,-0.30%
2014-08-04,24289417909,-0.54%
2014-08-01,24422383110,-0.96%
2014-07-31,24658396340,-0.43%
2014-07-30,24764768500,0.15%
2014-07-29,24728203070,-0.75%
2014-07-28,24914354350,2.38%
2014-07-25,24335955729,-0.84%
2014-07-24,24542051790,-3.62%
2014-07-23,25462835800,1.40%
2014-07-22,25110478020,0.61%
2014-07-21,24957568040,0.11%
2014-07-18,24930975000,1.47%
2014-07-17,24568644830,-1.03%
2014-07-16,24824602840,0.71%
2014-07-15,24648423950,-0.94%
2014-07-14,24881113050,0.34%
2014-07-11,24798009800,0.15%
2014-07-10,24761444370,0.43%
2014-07-09,24655072210,0.30%
2014-07-08,24581941350,0.04%
2014-07-07,24571968960,-0.32%
2014-07-03,24651748080,0.09%
2014-07-02,24628479170,-0.78%
2014-07-01,24821278710,0.55%
2014-06-30,24684989380,0.05%
2014-06-27,24673218560,-0.09%
2014-06-26,24696482640,-0.24%
2014-06-25,24756304560,0.38%
2014-06-24,24663248239,0.20%
2014-06-23,24613396640,0.04%
2014-06-20,24603426320,0.05%
2014-06-19,24590132560,0.54%
2014-06-18,24457194960,0.45%
2014-06-17,24347521440,
2014-06-16,24347521440,-0.73%
2014-06-13,24526987200,-0.74%
2014-06-12,24709776400,-0.65%
2014-06-11,24872624960,-0.72%
2014-06-10,25052090720,-0.51%
2014-06-09,25181704880,-0.17%
2014-06-06,25224909600,0.18%
2014-06-05,25178381440,0.38%
2014-06-04,25082001680,-0.19%
2014-06-03,25128529840,-0.89%
2014-06-02,25354523760,-0.57%
2014-05-30,25500755120,0.13%
2014-05-29,25467520720,0.03%
2014-05-28,25460873840,0.25%
2014-05-27,25397728480,0.55%
2014-05-23,25258144000,-0.51%
2014-05-22,25387758160,-0.22%
2014-05-21,25444256640,0.82%
2014-05-20,25238203360,-0.56%
2014-05-19,25381111280,-0.56%
2014-05-16,25524019200,-0.03%
2014-05-15,25530666079,-0.60%
2014-05-14,25683544320,0.06%
2014-05-13,25666927120,-0.14%
2014-05-12,25703484960,0.13%
2014-05-09,25670250560,0.05%
2014-05-08,25656956800,-0.64%
2014-05-07,25823128800,1.30%
2014-05-06,25490784800,0.31%
2014-05-05,25411022239,2.53%
2014-05-02,24782892079,1.40%
2014-05-01,24440577760,1.11%
2014-04-30,24171379120,1.30%
2014-04-29,23862299200,0.10%
2014-04-28,23839035120,-1.44%
2014-04-25,24187996320,-1.44%
2014-04-24,24540280960,-1.35%
2014-04-23,24875948400,-0.21%
2014-04-22,24929123440,0.35%
2014-04-21,24842714000,1.12%
2014-04-17,24566868480,-0.11%
2014-04-16,24593456000,0.68%
2014-04-15,24427284000,0.63%
2014-04-14,24274405760,1.30%
2014-04-11,23962002400,-1.73%
2014-04-10,24384079280,-1.45%
2014-04-09,24743010800,-0.21%
2014-04-08,24796185840,0.28%
2014-04-07,24726393600,-0.47%
2014-04-04,24842714000,-0.41%
2014-04-03,24945740640,0.58%
2014-04-02,24802832720,-0.17%
2014-04-01,24846037440,1.33%
2014-03-31,24520340320,-1.02%
2014-03-28,24773056740,-0.76%
2014-03-27,24962316120,2.40%
2014-03-26,24377936280,-0.37%
2014-03-25,24467585460,-0.59%
2014-03-24,24613680420,0.58%
2014-03-21,24470905800,-0.63%
2014-03-20,24626961780,0.68%
2014-03-19,24460944780,-1.54%
2014-03-18,24842783879,-0.08%
2014-03-17,24862705920,-0.08%
2014-03-14,24882627960,-0.32%
2014-03-13,24962316120,-0.74%
2014-03-12,25148255160,0.84%
2014-03-11,24939073740,0.50%
2014-03-10,24816221160,0.15%
2014-03-07,24779697420,-0.36%
2014-03-06,24869346600,0.52%
2014-03-05,24739853340,-0.39%
2014-03-04,24836143200,0.07%
2014-03-03,24819541500,-1.52%
2014-02-28,25201380600,0.58%
2014-02-27,25055285639,2.39%
2014-02-26,24470905800,-0.75%
2014-02-25,24656844840,-0.62%
2014-02-24,24809580480,-0.21%
2014-02-21,24862705920,-1.85%
2014-02-20,25330873860,2.39%
2014-02-19,24739853340,0.15%
2014-02-18,24703329600,-0.83%
2014-02-14,24909190680,0.63%
2014-02-13,24753134700,1.91%
2014-02-12,24288287100,-0.23%
2014-02-11,24344732879,1.28%
2014-02-10,24035941260,1.16%
2014-02-07,23760353040,1.46%
2014-02-06,23418358020,2.04%
2014-02-05,22950190080,0.06%
2014-02-04,22936908720,0.17%
2014-02-03,22897064639,-2.82%
2014-01-31,23561132639,-0.64%
2014-01-30,23713868280,1.35%
2014-01-29,23398435980,-0.75%
2014-01-28,23574414000,0.23%
2014-01-27,23521288560,-0.74%
2014-01-24,23697266580,-2.50%
2014-01-23,24304888800,-0.77%
2014-01-22,24494148180,-0.82%
2014-01-21,24696688920,0.22%
2014-01-17,24643563480,0.68%
2014-01-16,24477546480,-0.75%
2014-01-15,24663485520,1.88%
2014-01-14,24208598940,1.83%
2014-01-13,23773634400,-0.35%
2014-01-10,23856642900,0.11%
2014-01-09,23830080180,-0.35%
2014-01-08,23913088680,-1.03%
2014-01-07,24162114180,2.10%
2014-01-06,23664063180,0.04%
2014-01-03,23654102160,-0.54%
2014-01-02,23783595420,-2.45%
2013-12-31,24381256620,4.18%
2013-12-30,23403601480,0.90%
2013-12-27,23195839379,0.01%
2013-12-26,23192643040,0.17%
2013-12-24,23154286960,0.40%
2013-12-23,23061593100,0.24%
2013-12-20,23007255320,-1.40%
2013-12-19,23333282000,1.11%
2013-12-18,23077574800,0.82%
2013-12-17,22888990740,-0.78%
2013-12-16,23067985780,-2.35%
2013-12-13,23624148940,-0.19%
2013-12-12,23668897700,-0.12%
2013-12-11,23697664760,-1.42%
2013-12-10,24039673139,-0.17%
2013-12-09,24081225560,-0.08%
2013-12-06,24100403600,1.14%
2013-12-05,23828714700,0.05%
2013-12-04,23815929340,-0.86%
2013-12-03,24023691440,0.21%
2013-12-02,23972550000,1.04%
2013-11-29,23726431820,-0.43%
2013-11-27,23828714700,-0.05%
2013-11-26,23841500060,0.97%
2013-11-25,23611363580,-0.43%
2013-11-22,23713646460,-0.32%
2013-11-21,23790358620,-0.51%
2013-11-20,23911819540,-0.94%
2013-11-19,24138759680,-1.05%
2013-11-18,24394466879,0.30%
2013-11-15,24320951060,0.78%
2013-11-14,24132367000,1.17%
2013-11-13,23854285420,0.43%
2013-11-12,23752002540,-0.43%
2013-11-11,23854285420,0.12%
2013-11-08,23825518360,-1.11%
2013-11-07,24094010920,-1.21%
2013-11-06,24388074200,0.21%
2013-11-05,24336932760,1.21%
2013-11-04,24046065820,0.07%
2013-11-01,24030084120,-1.10%
2013-10-31,24298576680,-0.59%
2013-10-30,24442411980,-0.09%
2013-10-29,24464786360,0.88%
2013-10-28,24250631580,-0.32%
2013-10-25,24327343740,-0.61%
2013-10-24,24477571720,3.49%
2013-10-23,23652916000,-1.16%
2013-10-22,23930997580,0.28%
2013-10-21,23863874440,-1.71%
2013-10-18,24279398639,-1.11%
2013-10-17,24551087540,3.42%
2013-10-16,23739217180,3.14%
2013-10-15,23016844340,0.11%
2013-10-14,22991273620,0.78%
2013-10-11,22812278580,0.79%
2013-10-10,22633283540,0.53%
2013-10-09,22515018960,0.26%
2013-10-08,22457484840,-1.46%
2013-10-07,22789904200,0.91%
2013-10-04,22585338440,-0.62%
2013-10-03,22725977400,-0.66%
2013-10-02,22876205379,-0.78%
2013-10-01,23055200420,-1.23%
2013-09-30,23342871020,10.56%
2013-09-27,21112948120,-0.40%
2013-09-26,21197156000,2.20%
2013-09-25,20741271960,1.56%
2013-09-24,20421862760,-0.45%
2013-09-23,20514781800,0.04%
2013-09-20,20506070640,-0.83%
2013-09-19,20677390120,0.86%
2013-09-18,20500263200,0.21%
2013-09-17,20456707400,-0.07%
2013-09-16,20471226000,0.92%
2013-09-13,20285387920,-1.37%
2013-09-12,20567048760,-3.01%
2013-09-11,21205867160,-0.25%
2013-09-10,21258134120,1.05%
2013-09-09,21037451400,2.69%
2013-09-06,20485744600,1.92%
2013-09-05,20099549840,-1.03%
2013-09-04,20308617680,1.03%
2013-09-03,20102453560,-0.27%
2013-08-30,20157624240,-0.70%
2013-08-29,20299906520,0.13%
2013-08-28,20273773039,-0.19%
2013-08-27,20311521400,1.39%
2013-08-26,20032764280,-1.06%
2013-08-23,20247639560,2.35%
2013-08-22,19783044360,-0.19%
2013-08-21,19820792720,-1.02%
2013-08-20,20024053120,0.67%
2013-08-19,19890482000,0.87%
2013-08-16,19719162520,-0.50%
2013-08-15,19817889000,0.71%
2013-08-14,19678510440,0.16%
2013-08-13,19646569520,0.33%
2013-08-12,19582687680,-1.92%
2013-08-09,19965978720,0.10%
2013-08-08,19945652680,0.51%
2013-08-07,19844022480,-2.08%
2013-08-06,20265061880,-1.09%
2013-08-05,20488648320,1.82%
2013-08-02,20122779600,-0.46%
2013-08-01,20215698640,-0.90%
2013-07-31,20398633000,-2.32%
2013-07-30,20883554240,-0.79%
2013-07-29,21049066280,-1.17%
2013-07-26,21298786200,-0.46%
2013-07-25,21397512680,-3.95%
2013-07-24,22277339840,-0.17%
2013-07-23,22315088200,0.33%
2013-07-22,22242495200,-0.16%
2013-07-19,22277339840,0.38%
2013-07-18,22193131960,-0.01%
2013-07-17,22196035680,0.12%
2013-07-16,22169902200,-1.31%
2013-07-15,22463177920,0.08%
2013-07-12,22445755600,0.76%
2013-07-11,22277339840,2.51%
2013-07-10,21731440480,2.96%
2013-07-09,21107140680,-0.86%
2013-07-08,21290075039,1.54%
2013-07-05,20967762120,-0.26%
2013-07-03,21022932800,0.33%
2013-07-02,20953243520,-0.21%
2013-07-01,20996799320,-0.40%
2013-06-28,21081777750,-0.11%
2013-06-27,21105075750,3.34%
2013-06-26,20423609250,2.65%
2013-06-25,19896491999,1.47%
2013-06-24,19608179250,-1.75%
2013-06-21,19957649250,1.23%
2013-06-20,19715932500,-2.65%
2013-06-19,20251786500,-2.51%
2013-06-18,20773079250,1.41%
2013-06-17,20484766500,
2013-06-14,20484766500,0.86%
2013-06-13,20310031500,2.56%
2013-06-12,19803300000,-1.95%
2013-06-11,20196453750,0.20%
2013-06-10,20155682250,-1.52%
2013-06-07,20467293000,-0.51%
2013-06-06,20572134000,1.26%
2013-06-05,20315856000,-0.13%
2013-06-04,20342066250,-1.44%
2013-06-03,20639115750,-0.53%
2013-05-31,20749781250,-1.04%
2013-05-30,20968200000,0.36%
2013-05-29,20892481500,-2.17%
2013-05-28,21355529250,-0.53%
2013-05-24,21469107000,0.46%
2013-05-23,21370090500,-0.90%
2013-05-22,21565211250,-3.68%
2013-05-21,22389378000,0.20%
2013-05-20,22345694250,-1.46%
2013-05-17,22677690750,0.13%
2013-05-16,22648568250,-2.09%
2013-05-15,23132001750,-0.43%
2013-05-14,23231018250,1.37%
2013-05-13,22916495250,-0.03%
2013-05-10,22922319750,-0.39%
2013-05-09,23012599500,-0.30%
2013-05-08,23082493500,1.10%
2013-05-07,22832040000,0.59%
2013-05-06,22698076500,-0.37%
2013-05-03,22782531750,0.97%
2013-05-02,22564113000,0.79%
2013-05-01,22386465750,-0.17%
2013-04-30,22424325000,-0.45%
2013-04-29,22526253750,-0.04%
2013-04-26,22534990500,-1.25%
2013-04-25,22820391000,6.04%
2013-04-24,21521527500,-1.31%
2013-04-23,21806928000,0.46%
2013-04-22,21707911500,-0.63%
2013-04-19,21844787250,0.89%
2013-04-18,21652578750,2.09%
2013-04-17,21209916750,-1.62%
2013-04-16,21559386750,1.12%
2013-04-15,21320582250,-0.25%
2013-04-12,21373002750,-0.42%
2013-04-11,21463282500,0.68%
2013-04-10,21317670000,1.20%
2013-04-09,21064304250,0.29%
2013-04-08,21003147000,1.82%
2013-04-05,20627466750,0.78%
2013-04-04,20467293000,0.96%
2013-04-03,20272172250,-1.40%
2013-04-02,20560485000,1.16%
2013-04-01,20324592750,0.26%
2013-03-28,20272343280,-1.44%
2013-03-27,20569267320,0.26%
2013-03-26,20516868960,0.10%
2013-03-25,20496491820,-0.47%
2013-03-22,20592555480,0.84%
2013-03-21,20420805300,-0.71%
2013-03-20,20566356300,0.94%
2013-03-19,20374228980,0.47%
2013-03-18,20278165320,-0.47%
2013-03-15,20374228980,-1.58%
2013-03-14,20700263220,0.21%
2013-03-13,20656597920,0.47%
2013-03-12,20560534260,-1.30%
2013-03-11,20831259120,-0.32%
2013-03-08,20898212580,-0.40%
2013-03-07,20982632160,-0.07%
2013-03-06,20997187260,0.74%
2013-03-05,20842903200,0.89%
2013-03-04,20659508940,1.18%
2013-03-01,20417894280,0.49%
2013-02-28,20318919600,-0.82%
2013-02-27,20487758760,0.90%
2013-02-26,20304364500,0.26%
2013-02-25,20251966139,-0.57%
2013-02-22,20368406940,2.90%
2013-02-21,19794936000,1.30%
2013-02-20,19541677260,0.13%
2013-02-19,19515478080,-1.27%
2013-02-15,19765825800,1.86%
2013-02-14,19404859320,-2.03%
2013-02-13,19806580080,-0.40%
2013-02-12,19885177620,-2.46%
2013-02-11,20385873060,-1.07%
2013-02-08,20607110580,0.67%
2013-02-07,20470292639,-0.24%
2013-02-06,20519779980,-0.80%
2013-02-05,20685708120,1.24%
2013-02-04,20432449380,-1.82%
2013-02-01,20810881980,1.38%
2013-01-31,20528513040,-0.59%
2013-01-30,20650775880,-2.23%
2013-01-29,21122361120,-1.12%
2013-01-28,21361064760,-0.10%
2013-01-25,21381441900,-1.17%
2013-01-24,21634700639,-1.08%
2013-01-23,21870493260,0.49%
2013-01-22,21762785520,0.63%
2013-01-18,21625967580,0.39%
2013-01-17,21541548000,-0.01%
2013-01-16,21544459020,1.09%
2013-01-15,21311577420,0.37%
2013-01-14,21232979880,0.22%
2013-01-11,21186403560,-0.55%
2013-01-10,21302844360,0.81%
2013-01-09,21131094180,-0.11%
2013-01-08,21154382340,-0.12%
2013-01-07,21180581520,-1.06%
2013-01-04,21407641080,-0.08%
2013-01-03,21425107200,-2.00%
2013-01-02,21861760200,4.07%
2012-12-31,21005920320,2.78%
2012-12-28,20437985250,-0.65%
2012-12-27,20571056350,0.32%
2012-12-26,20504520800,-0.51%
2012-12-24,20608663400,-0.03%
2012-12-21,20614449100,-0.38%
2012-12-20,20692556050,1.26%
2012-12-19,20435092400,-0.87%
2012-12-18,20614449100,0.03%
2012-12-17,20608663400,0.11%
2012-12-14,20585520600,0.96%
2012-12-13,20388806800,0.03%
2012-12-12,20383021100,2.73%
2012-12-11,19842058150,1.05%
2012-12-10,19636665800,-0.83%
2012-12-07,19801558250,1.80%
2012-12-06,19451523400,0.73%
2012-12-05,19309773750,-0.65%
2012-12-04,19437059150,-0.41%
2012-12-03,19518058950,-0.07%
2012-11-30,19532523200,0.12%
2012-11-29,19509380400,0.94%
2012-11-28,19327130850,0.48%
2012-11-27,19234559650,-0.26%
2012-11-26,19283738100,-1.32%
2012-11-23,19541201750,1.52%
2012-11-21,19249023900,0.86%
2012-11-20,19084131450,0.15%
2012-11-19,19055202950,1.06%
2012-11-16,18855596300,1.51%
2012-11-15,18574989850,-1.88%
2012-11-14,18930810400,-1.83%
2012-11-13,19283738100,0.24%
2012-11-12,19237452500,-0.49%
2012-11-09,19332916550,0.04%
2012-11-08,19324238000,-0.73%
2012-11-07,19465987650,0.09%
2012-11-06,19448630550,0.58%
2012-11-05,19335809400,-1.27%
2012-11-02,19584594500,0.56%
2012-11-01,19474666199,0.85%
2012-10-31,19309773750,0.44%
2012-10-26,19225881100,0.62%
2012-10-25,19107274250,0.14%
2012-10-24,19081238600,1.12%
2012-10-23,18870060550,-0.31%
2012-10-22,18927917550,-0.44%
2012-10-19,19011810200,-2.00%
2012-10-18,19399452100,0.54%
2012-10-17,19295309500,-0.70%
2012-10-16,19431273450,0.18%
2012-10-15,19396559250,3.71%
2012-10-12,18702275250,1.05%
2012-10-11,18508454300,-1.16%
2012-10-10,18725418050,1.03%
2012-10-09,18534489949,-2.06%
2012-10-08,18925024700,-0.58%
2012-10-05,19034953000,0.02%
2012-10-04,19032060150,-0.92%
2012-10-03,19208524000,2.80%
2012-10-02,18684918150,1.27%
2012-10-01,18450597300,-1.00%
2012-09-28,18637844200,-1.25%
2012-09-27,18873361420,1.36%
2012-09-26,18620398480,0.63%
2012-09-25,18504093680,-0.52%
2012-09-24,18600045140,-1.98%
2012-09-21,18975128120,0.34%
2012-09-20,18911160480,0.23%
2012-09-19,18867546180,1.09%
2012-09-18,18664012780,0.05%
2012-09-17,18655289920,1.06%
2012-09-14,18460479380,-0.84%
2012-09-13,18617490860,0.45%
2012-09-12,18533169880,-0.59%
2012-09-11,18643659440,0.58%
2012-09-10,18536077500,-1.16%
2012-09-07,18754149000,-0.65%
2012-09-06,18876269040,2.04%
2012-09-05,18498278440,0.65%
2012-09-04,18379066020,-0.39%
2012-08-31,18451756520,0.49%
2012-08-30,18361620300,0.53%
2012-08-29,18265668840,0.61%
2012-08-28,18155179280,0.63%
2012-08-27,18041782100,0.26%
2012-08-24,17995260180,0.41%
2012-08-23,17922569680,-0.45%
2012-08-22,18003983040,-0.02%
2012-08-21,18006890660,-0.27%
2012-08-20,18056320200,-0.62%
2012-08-17,18169717380,-0.19%
2012-08-16,18204608820,-1.09%
2012-08-15,18405234600,0.68%
2012-08-14,18280206940,0.59%
2012-08-13,18172625000,0.13%
2012-08-10,18149364040,0.87%
2012-08-09,17992352560,-0.05%
2012-08-08,18001075420,-0.21%
2012-08-07,18038874480,-0.47%
2012-08-06,18123195460,-0.30%
2012-08-03,18178440240,0.84%
2012-08-02,18027244000,0.26%
2012-08-01,17980722080,-0.06%
2012-07-31,17992352560,-1.04%
2012-07-30,18181347860,1.36%
2012-07-27,17937107780,1.65%
2012-07-26,17646345780,5.07%
2012-07-25,16794413120,-0.28%
2012-07-24,16840935040,-1.30%
2012-07-23,17061914160,-0.54%
2012-07-20,17154958000,-0.17%
2012-07-19,17184034200,0.48%
2012-07-18,17102620840,-2.39%
2012-07-17,17521318120,0.82%
2012-07-16,17378844740,-1.47%
2012-07-13,17637622920,1.66%
2012-07-12,17349768540,0.85%
2012-07-11,17204387540,-0.32%
2012-07-10,17259632320,-0.80%
2012-07-09,17399198080,0.71%
2012-07-06,17277078040,-0.30%
2012-07-05,17329415200,-1.21%
2012-07-03,17541671460,0.53%
2012-07-02,17448627620,2.34%
2012-06-29,17049470339,1.17%
2012-06-28,16851829020,-0.65%
2012-06-27,16962275640,1.50%
2012-06-26,16712317500,1.84%
2012-06-25,16410042540,-0.34%
2012-06-22,16465265850,0.66%
2012-06-21,16357725720,-2.38%
2012-06-20,16755914850,-0.19%
2012-06-19,16787886240,-1.77%
2012-06-18,17090161200,1.82%
2012-06-15,16784979750,0.43%
2012-06-14,16712317500,1.11%
2012-06-13,16529208630,0.44%
2012-06-12,16456546380,1.11%
2012-06-11,16276344000,0.20%
2012-06-08,16244372610,1.38%
2012-06-07,16023479370,0.79%
2012-06-06,15898500300,1.65%
2012-06-05,15639822690,0.49%
2012-06-04,15564253950,0.89%
2012-06-01,15427648920,-2.78%
2012-05-31,15869435400,0.68%
2012-05-30,15761895270,-1.13%
2012-05-29,15942097650,1.26%
2012-05-25,15744456330,-0.26%
2012-05-24,15785147190,0.93%
2012-05-23,15639822690,0.39%
2012-05-22,15578786400,0.28%
2012-05-21,15535189050,1.12%
2012-05-18,15363706140,-0.45%
2012-05-17,15433461900,-2.16%
2012-05-16,15773521230,-0.02%
2012-05-15,15776427720,-0.18%
2012-05-14,15805492620,-2.26%
2012-05-11,16171710360,0.14%
2012-05-10,16148458440,0.34%
2012-05-09,16093235130,-0.68%
2012-05-08,16203681750,-0.54%
2012-05-07,16290876450,0.45%
2012-05-04,16218214200,-1.27%
2012-05-03,16427481480,0.20%
2012-05-02,16395510089,0.05%
2012-05-01,16386790620,-0.41%
2012-04-30,16453639890,
2012-04-27,16453639890,0.62%
2012-04-26,16351912740,0.30%
2012-04-25,16302502410,1.98%
2012-04-24,15985695000,0.55%
2012-04-23,15898500300,-0.36%
2012-04-20,15956630100,0.20%
2012-04-19,15924658710,-0.25%
2012-04-18,15965349570,-0.11%
2012-04-17,15982788510,1.35%
2012-04-16,15770614740,0.74%
2012-04-13,15654355140,-0.96%
2012-04-12,15805492620,0.91%
2012-04-11,15663074610,2.45%
2012-04-10,15288137400,-0.81%
2012-04-09,15413116470,-0.69%
2012-04-05,15520656600,1.04%
2012-04-04,15360799650,-0.40%
2012-04-03,15421835940,-0.58%
2012-04-02,15511937130,2.07%
2012-03-30,15197259420,0.64%
2012-03-29,15100389000,0.02%
2012-03-28,15097539870,-0.28%
2012-03-27,15140276820,-0.82%
2012-03-26,15265638540,0.71%
2012-03-23,15157371600,0.34%
2012-03-22,15106087260,-0.19%
2012-03-21,15134578560,0.70%
2012-03-20,15029160750,-0.64%
2012-03-19,15126031170,1.65%
2012-03-16,14881005990,-0.61%
2012-03-15,14972178150,0.21%
2012-03-14,14940837720,-2.85%
2012-03-13,15379603740,-1.77%
2012-03-12,15655969350,0.96%
2012-03-09,15507814590,1.28%
2012-03-08,15311224620,2.19%
2012-03-07,14983574670,0.38%
2012-03-06,14926592070,-1.37%
2012-03-05,15134578560,-0.06%
2012-03-02,15143125950,0.59%
2012-03-01,15054802920,1.99%
2012-02-29,14761342530,-0.54%
2012-02-28,14841118170,0.56%
2012-02-27,14758493400,-1.43%
2012-02-24,14972178150,1.04%
2012-02-23,14818325130,1.15%
2012-02-22,14650226460,-0.10%
2012-02-21,14664472110,0.19%
2012-02-17,14635980810,1.10%
2012-02-16,14476429530,0.32%
2012-02-15,14430843450,2.49%
2012-02-14,14080400460,0.04%
2012-02-13,14074702200,0.18%
2012-02-10,14049060030,
2012-02-09,14049060030,0.10%
2012-02-08,14034814380,0.31%
2012-02-07,13992077430,-0.34%
2012-02-06,14040512640,0.12%
2012-02-03,14023417860,0.47%
2012-02-02,13957887870,0.70%
2012-02-01,13861017450,0.35%
2012-01-31,13812582240,0.14%
2012-01-30,13792638329,-0.64%
2012-01-27,13880961360,5.16%
2012-01-26,13200019290,-0.79%
2012-01-25,13305437100,1.65%
2012-01-24,13088903220,-0.24%
2012-01-23,13120243650,-0.37%
2012-01-20,13168678860,-0.39%
2012-01-19,13219963200,1.22%
2012-01-18,13060411920,0.02%
2012-01-17,13057562790,-0.37%
2012-01-13,13105998000,-0.54%
2012-01-12,13177226250,0.02%
2012-01-11,13174377120,0.24%
2012-01-10,13143036690,1.10%
2012-01-09,13000580190,1.29%
2012-01-06,12835330650,0.16%
2012-01-05,12815386740,-0.09%
2012-01-04,12826783260,0.22%
2012-01-03,12798291960,0.65%
2011-12-30,12715180800,0.45%
2011-12-29,12658416600,1.69%
2011-12-28,12448389060,-1.28%
2011-12-27,12610167030,0.09%
2011-12-23,12598814190,0.07%
2011-12-22,12590299560,0.98%
2011-12-21,12468256530,-0.16%
2011-12-20,12488124000,3.72%
2011-12-19,12039686820,-1.07%
2011-12-16,12170244480,-1.22%
2011-12-15,12320669609,1.52%
2011-12-14,12136185960,-1.34%
2011-12-13,12300802140,0.63%
2011-12-12,12224170470,-0.39%
2011-12-09,12272420040,1.79%
2011-12-08,12056716080,-1.39%
2011-12-07,12227008680,-1.01%
2011-12-06,12351889920,
2011-12-05,12351889920,-0.41%
2011-12-02,12402977700,2.41%
2011-12-01,12110642070,0.83%
2011-11-30,12011304720,4.01%
2011-11-29,11548676490,0.74%
2011-11-28,11463530190,2.41%
2011-11-25,11193900240,0.23%
2011-11-23,11168356350,-1.23%
2011-11-22,11307428640,-0.15%
2011-11-21,11324457900,-0.77%
2011-11-18,11412442410,-1.35%
2011-11-17,11568543960,-0.90%
2011-11-16,11673557730,-2.35%
2011-11-15,11954540520,1.03%
2011-11-14,11832497490,-0.79%
2011-11-11,11926158420,2.96%
2011-11-10,11582735010,-1.62%
2011-11-09,11772895080,-1.10%
2011-11-08,11903452740,0.33%
2011-11-07,11863717800,-0.10%
2011-11-04,11875070640,0.22%
2011-11-03,11849526750,2.45%
2011-11-02,11565705750,0.44%
2011-11-01,11514617970,-1.91%
2011-10-31,11738836560,-2.27%
2011-10-28,12011304720,-0.77%
2011-10-27,12104965650,2.43%
2011-10-26,11818306440,-3.50%
2011-10-25,12246876150,-0.85%
2011-10-24,12351889920,1.04%
2011-10-21,12224170470,0.89%
2011-10-20,12116318490,-0.09%
2011-10-19,12127671330,-1.20%
2011-10-18,12275258250,0.93%
2011-10-17,12161729850,-1.08%
2011-10-14,12295125720,2.51%
2011-10-13,11994275460,-0.31%
2011-10-12,12031172190,1.58%
2011-10-11,11843850330,-0.86%
2011-10-10,11946025890,4.57%
2011-10-07,11423795250,-2.42%
2011-10-06,11707616250,1.28%
2011-10-05,11560029330,2.23%
2011-10-04,11307428640,-1.14%
2011-10-03,11437986300,-0.91%
2011-09-30,11543000070,-0.68%
2011-09-29,11622497510,-0.77%
2011-09-28,11712747430,-1.70%
2011-09-27,11915809750,1.59%
2011-09-26,11729669290,0.82%
2011-09-23,11633778750,-1.67%
2011-09-22,11831200450,-3.14%
2011-09-21,12214762610,-0.57%
2011-09-20,12285270360,-0.57%
2011-09-19,12355778110,-0.14%
2011-09-16,12372699970,0.71%
2011-09-15,12285270360,0.97%
2011-09-14,12166817340,2.25%
2011-09-13,11898887890,1.76%
2011-09-12,11693005260,-0.84%
2011-09-09,11791716110,-1.67%
2011-09-08,11991958120,-0.49%
2011-09-07,12051184630,1.59%
2011-09-06,11862223860,-0.52%
2011-09-02,11924270680,-2.92%
2011-09-01,12282450050,0.28%
2011-08-31,12248606330,2.65%
2011-08-30,11932731610,0.02%
2011-08-29,11929911300,1.63%
2011-08-26,11738130220,1.22%
2011-08-25,11597114720,-1.88%
2011-08-24,11819919209,2.10%
2011-08-23,11577372550,3.66%
2011-08-22,11168427600,-1.12%
2011-08-19,11295341550,0.20%
2011-08-18,11272779070,-3.45%
2011-08-17,11676083400,-0.81%
2011-08-16,11771973940,-0.88%
2011-08-15,11876325410,1.74%
2011-08-12,11673263090,2.35%
2011-08-11,11405333640,2.46%
2011-08-10,11131763570,-2.83%
2011-08-09,11456099220,4.96%
2011-08-08,10914599700,-5.15%
2011-08-05,11506864800,0.10%
2011-08-04,11495583560,-6.94%
2011-08-03,12352957800,4.21%
2011-08-02,11853762930,-3.80%
2011-08-01,12321934390,0.67%
2011-07-29,12240145400,-1.16%
2011-07-28,12383981209,4.55%
2011-07-27,11845302000,-0.62%
2011-07-26,11918630060,0.28%
2011-07-25,11884786340,-0.61%
2011-07-22,11958114400,0.64%
2011-07-21,11881966030,0.62%
2011-07-20,11808637970,-0.66%
2011-07-19,11887606650,0.55%
2011-07-18,11822739520,-1.02%
2011-07-15,11944012850,0.88%
2011-07-14,11839661380,-1.76%
2011-07-13,12051184630,1.11%
2011-07-12,11918630060,0.31%
2011-07-11,11881966030,-1.27%
2011-07-08,12034262770,-0.79%
2011-07-07,12130153310,0.30%
2011-07-06,12093489280,0.80%
2011-07-05,11997598740,-0.16%
2011-07-01,12017340910,4.46%
2011-06-30,11504044490,-0.97%
2011-06-29,11616601600,0.99%
2011-06-28,11502489600,-0.37%
2011-06-27,11545281600,-0.32%
2011-06-24,11582368000,-0.68%
2011-06-23,11662246400,0.10%
2011-06-22,11650835200,-1.45%
2011-06-21,11822003200,1.99%
2011-06-20,11590926400,0.54%
2011-06-17,11528164799,1.35%
2011-06-16,11374113600,0.03%
2011-06-15,11371260800,-0.55%
2011-06-14,11434022400,-0.02%
2011-06-13,11436875200,-0.50%
2011-06-10,11493931200,-0.54%
2011-06-09,11556692800,1.43%
2011-06-08,11394083200,-0.65%
2011-06-07,11468256000,0.37%
2011-06-06,11425464000,-0.79%
2011-06-03,11516753600,-3.00%
2011-06-02,11873353600,1.51%
2011-06-01,11696480000,-0.99%
2011-05-31,11813444799,-0.89%
2011-05-27,11918998400,0.82%
2011-05-26,11822003200,0.12%
2011-05-25,11807739200,0.27%
2011-05-24,11776358400,0.63%
2011-05-23,11702185600,-0.87%
2011-05-20,11804886400,-0.19%
2011-05-19,11827708800,0.12%
2011-05-18,11813444799,0.83%
2011-05-17,11716449600,-1.16%
2011-05-16,11853384000,-0.84%
2011-05-13,11953232000,-1.57%
2011-05-12,12144369600,0.85%
2011-05-11,12041668800,0.07%
2011-05-10,12033110400,0.43%
2011-05-09,11981760000,0.10%
2011-05-06,11970348800,0.14%
2011-05-05,11953232000,0.36%
2011-05-04,11910440000,-1.76%
2011-05-03,12124400000,0.16%
2011-05-02,12104430400,-1.00%
2011-04-29,12227100800,-1.85%
2011-04-28,12458177600,-1.75%
2011-04-27,12680696000,1.53%
2011-04-26,12489558400,1.16%
2011-04-25,12346918400,-0.14%
2011-04-21,12364035200,0.96%
2011-04-20,12247070400,1.78%
2011-04-19,12033110400,-0.61%
2011-04-18,12107283200,-0.68%
2011-04-15,12190014400,
2011-04-14,12190014400,-0.30%
2011-04-13,12227100800,0.89%
2011-04-12,12118694400,-0.86%
2011-04-11,12224248000,0.42%
2011-04-08,12172897600,-0.42%
2011-04-07,12224248000,0.12%
2011-04-06,12209984000,0.45%
2011-04-05,12155780800,-1.27%
2011-04-04,12312684799,0.14%
2011-04-01,12295568000,1.29%
2011-03-31,12138664000,0.25%
2011-03-30,12108445620,2.55%
2011-03-29,11807097720,1.73%
2011-03-28,11606199120,0.40%
2011-03-25,11560279440,0.60%
2011-03-24,11491399920,2.72%
2011-03-23,11187182040,2.63%
2011-03-22,10900184040,1.63%
2011-03-21,10725115260,-4.57%
2011-03-18,11238841679,-1.81%
2011-03-17,11445480240,2.55%
2011-03-16,11161352220,-0.28%
2011-03-15,11192922000,-0.59%
2011-03-14,11258931540,-0.41%
2011-03-11,11304851220,1.68%
2011-03-10,11118302520,-3.42%
2011-03-09,11511489780,0.17%
2011-03-08,11491399920,-1.77%
2011-03-07,11698038480,-0.42%
2011-03-04,11746828140,-0.51%
2011-03-03,11807097720,1.13%
2011-03-02,11675078640,-0.46%
2011-03-01,11729608260,-3.04%
2011-02-28,12096965700,-1.22%
2011-02-25,12246204660,1.94%
2011-02-24,12013736280,0.02%
2011-02-23,12010866300,-2.38%
2011-02-22,12303604260,-2.08%
2011-02-18,12564772440,-1.00%
2011-02-17,12691051560,-2.15%
2011-02-16,12969439620,-0.68%
2011-02-15,13058409000,-1.45%
2011-02-14,13250697660,0.44%
2011-02-11,13193298060,1.34%
2011-02-10,13018229280,0.93%
2011-02-09,12897690120,-0.38%
2011-02-08,12946479780,1.60%
2011-02-07,12742711200,-1.11%
2011-02-04,12886210200,2.05%
2011-02-03,12627912000,1.15%
2011-02-02,12484413000,0.67%
2011-02-01,12401183580,2.47%
2011-01-31,12102705660,-2.04%
2011-01-28,12355263900,-1.85%
2011-01-27,12587732280,0.50%
2011-01-26,12524592720,1.65%
2011-01-25,12320824140,1.04%
2011-01-24,12194545020,1.60%
2011-01-21,12002256360,-0.85%
2011-01-20,12105575640,1.47%
2011-01-19,11930506860,-1.12%
2011-01-18,12065395920,3.22%
2011-01-14,11689428540,-2.84%
2011-01-13,12030956160,-0.40%
2011-01-12,12079745820,-0.64%
2011-01-11,12157235280,-0.49%
2011-01-10,12217504860,-0.07%
2011-01-07,12226114800,1.09%
2011-01-06,12094095720,-1.77%
2011-01-05,12312214200,-1.04%
2011-01-04,12441363300,-0.16%
2011-01-03,12461453160,-0.94%
2010-12-31,12579122340,0.87%
2010-12-30,12470063100,1.09%
2010-12-29,12335174040,0.30%
2010-12-28,12297864300,-0.33%
2010-12-27,12338044020,1.18%
2010-12-23,12194545020,-0.28%
2010-12-22,12228984780,-0.63%
2010-12-21,12306474240,0.37%
2010-12-20,12260554560,2.47%
2010-12-17,11964946620,-0.64%
2010-12-16,12042436080,-0.36%
2010-12-15,12085485780,-0.66%
2010-12-14,12165845220,1.05%
2010-12-13,12039566100,-0.80%
2010-12-10,12137145420,0.26%
2010-12-09,12105575640,-0.50%
2010-12-08,12165845220,-1.42%
2010-12-07,12340914000,0.58%
2010-12-06,12269164500,1.11%
2010-12-03,12134275440,-0.94%
2010-12-02,12249074640,1.67%
2010-12-01,12048176040,1.06%
2010-11-30,11921896920,-0.19%
2010-11-29,11944856760,-1.35%
2010-11-26,12108445620,-0.42%
2010-11-24,12160105260,1.70%
2010-11-23,11956336679,-1.63%
2010-11-22,12154365300,-0.82%
2010-11-19,12254814600,0.87%
2010-11-18,12148625340,2.00%
2010-11-17,11910417000,-0.31%
2010-11-16,11947726740,-1.14%
2010-11-15,12085485780,-0.73%
2010-11-12,12174455160,-0.63%
2010-11-11,12251944620,1.50%
2010-11-10,12071135880,0.91%
2010-11-09,11962076640,-2.11%
2010-11-08,12220374840,-0.86%
2010-11-05,12326564100,-0.95%
2010-11-04,12444233280,0.14%
2010-11-03,12427013400,0.02%
2010-11-02,12424143420,0.05%
2010-11-01,12418403460,0.35%
2010-10-29,12375353760,1.13%
2010-10-28,12237594720,1.21%
2010-10-27,12091225740,-1.43%
2010-10-26,12266294520,0.38%
2010-10-25,12220374840,0.05%
2010-10-22,12214634880,0.78%
2010-10-21,12119925540,-0.28%
2010-10-20,12154365300,1.63%
2010-10-19,11959206660,-1.04%
2010-10-18,12085485780,-0.73%
2010-10-15,12174455160,-1.07%
2010-10-14,12306474240,1.01%
2010-10-13,12183065100,1.48%
2010-10-12,12005126340,-0.76%
2010-10-11,12096965700,-0.92%
2010-10-08,12208894920,-1.25%
2010-10-07,12363873840,-0.53%
2010-10-06,12429883380,-1.70%
2010-10-05,12645131880,1.03%
2010-10-04,12515982780,-1.13%
2010-10-01,12659481780,-0.09%
2010-09-30,12670961700,0.47%
2010-09-29,12612125520,0.55%
2010-09-28,12543456960,1.65%
2010-09-27,12340312470,-0.62%
2010-09-24,12417564600,1.97%
2010-09-23,12177224640,-0.35%
2010-09-22,12220142490,-0.74%
2010-09-21,12311700570,1.53%
2010-09-20,12125723220,1.36%
2010-09-17,11962635390,0.41%
2010-09-16,11913995160,-2.48%
2010-09-15,12217281300,1.09%
2010-09-14,12085666560,-0.68%
2010-09-13,12168641070,0.31%
2010-09-10,12131445600,0.71%
2010-09-09,12045609900,-1.06%
2010-09-08,12174363450,0.26%
2010-09-07,12142890360,0.95%
2010-09-03,12028442760,2.71%
2010-09-02,11710850670,-0.24%
2010-09-01,11739462570,-0.22%
2010-08-31,11765213280,1.53%
2010-08-30,11587819500,-1.44%
2010-08-27,11756629710,1.63%
2010-08-26,11567791170,-1.41%
2010-08-25,11733740190,1.66%
2010-08-24,11542040460,-1.05%
2010-08-23,11665071630,0.42%
2010-08-20,11616431400,-0.02%
2010-08-19,11619292590,-0.66%
2010-08-18,11696544720,2.43%
2010-08-17,11419009289,1.35%
2010-08-16,11267366220,1.60%
2010-08-13,11089972440,-0.05%
2010-08-12,11095694820,-0.44%
2010-08-11,11144335050,-3.52%
2010-08-10,11550624030,-0.32%
2010-08-09,11587819500,-0.10%
2010-08-06,11599264260,-1.36%
2010-08-05,11759490900,0.27%
2010-08-04,11728017810,0.56%
2010-08-03,11662210440,-0.27%
2010-08-02,11693683530,3.44%
2010-07-30,11304561690,0.82%
2010-07-29,11213003610,0.51%
2010-07-28,11155779810,0.05%
2010-07-27,11150057430,-0.46%
2010-07-26,11201558850,-1.04%
2010-07-23,11318867640,1.85%
2010-07-22,11112861960,1.07%
2010-07-21,10995553170,-0.57%
2010-07-20,11058499350,6.04%
2010-07-19,10429037550,-0.05%
2010-07-16,10434759930,-3.90%
2010-07-15,10858216050,-0.78%
2010-07-14,10944051750,-0.16%
2010-07-13,10961218890,2.27%
2010-07-12,10718017740,-1.47%
2010-07-09,10878244380,-1.37%
2010-07-08,11029887450,1.98%
2010-07-07,10815298200,2.47%
2010-07-06,10554929910,0.24%
2010-07-02,10529179200,-0.43%
2010-07-01,10574958240,-0.81%
2010-06-30,10660793940,-1.57%
2010-06-29,10830988800,-2.72%
2010-06-28,11134233600,0.70%
2010-06-25,11056992000,0.99%
2010-06-24,10948281600,-2.10%
2010-06-23,11182867200,1.09%
2010-06-22,11062713600,-0.80%
2010-06-21,11151398400,-0.69%
2010-06-18,11228640000,-0.15%
2010-06-17,11245804800,-0.83%
2010-06-16,11340211200,0.10%
2010-06-15,11328768000,1.12%
2010-06-14,11202892799,0.05%
2010-06-11,11197171200,3.76%
2010-06-10,10790937600,4.63%
2010-06-09,10313184000,1.35%
2010-06-08,10175865600,-0.75%
2010-06-07,10253107200,-0.75%
2010-06-04,10330348800,-4.29%
2010-06-03,10793798400,2.22%
2010-06-02,10559212799,2.70%
2010-06-01,10281715200,-2.94%
2010-05-28,10593542400,-1.44%
2010-05-27,10748025600,3.73%
2010-05-26,10361817600,-0.30%
2010-05-25,10393286400,1.74%
2010-05-24,10215916800,-0.89%
2010-05-21,10307462400,3.48%
2010-05-20,9961305600,-3.28%
2010-05-19,10298880000,-0.30%
2010-05-18,10330348800,-1.53%
2010-05-17,10490553600,0.41%
2010-05-14,10447641600,-1.67%
2010-05-13,10625011200,-1.64%
2010-05-12,10802380800,2.58%
2010-05-11,10530604800,-1.42%
2010-05-10,10682227200,4.30%
2010-05-07,10241664000,-2.11%
2010-05-06,10461945600,-1.85%
2010-05-05,10659340800,-0.69%
2010-05-04,10733721600,-2.32%
2010-05-03,10988332799,1.48%
2010-04-30,10828128000,-1.28%
2010-04-29,10968307200,2.19%
2010-04-28,10733721600,-0.53%
2010-04-27,10790937600,-1.20%
2010-04-26,10922534400,-0.60%
2010-04-23,10988332799,0.52%
2010-04-22,10931116800,-0.16%
2010-04-21,10948281600,-0.31%
2010-04-20,10982611200,2.37%
2010-04-19,10728000000,0.11%
2010-04-16,10716556800,-0.16%
2010-04-15,10733721600,0.54%
2010-04-14,10676505600,-0.80%
2010-04-13,10762329600,0.08%
2010-04-12,10753747200,0.05%
2010-04-09,10748025600,-0.13%
2010-04-08,10762329600,1.07%
2010-04-07,10647897600,-0.96%
2010-04-06,10750886400,-2.72%
2010-04-05,11051270400,0.68%
2010-04-01,10976889600,0.37%
2010-03-31,10936838400,-1.03%
2010-03-30,11050557810,1.67%
2010-03-29,10868833680,1.73%
2010-03-26,10684225040,0.43%
2010-03-25,10638072880,-3.88%
2010-03-24,11067864870,-0.88%
2010-03-23,11165938210,0.23%
2010-03-22,11139977620,0.60%
2010-03-19,11073633890,-0.44%
2010-03-18,11122670560,-1.38%
2010-03-17,11278434100,-1.76%
2010-03-16,11480349800,2.58%
2010-03-15,11191898800,-1.22%
2010-03-12,11330355280,-0.41%
2010-03-11,11376507440,-0.05%
2010-03-10,11382276460,0.43%
2010-03-09,11333239790,2.13%
2010-03-08,11096709970,-2.36%
2010-03-05,11364969400,1.23%
2010-03-04,11226512920,0.93%
2010-03-03,11122670560,0.63%
2010-03-02,11053442320,0.39%
2010-03-01,11010174670,0.98%
2010-02-26,10903447800,-0.13%
2010-02-25,10917870350,
2010-02-24,10917870350,1.86%
2010-02-23,10718839159,-2.95%
2010-02-22,11044788790,-0.85%
2010-02-19,11139977620,0.34%
2010-02-18,11102478990,0.23%
2010-02-17,11076518400,1.11%
2010-02-16,10955368980,1.74%
2010-02-12,10767875830,0.95%
2010-02-11,10666917980,2.81%
2010-02-10,10375582470,0.28%
2010-02-09,10346737370,0.59%
2010-02-08,10286162659,1.08%
2010-02-05,10176551280,-0.87%
2010-02-04,10265971090,-3.26%
2010-02-03,10612112290,-1.37%
2010-02-02,10759222300,0.08%
2010-02-01,10750568770,0.89%
2010-01-29,10655379940,-0.62%
2010-01-28,10721723670,-2.82%
2010-01-27,11033250750,2.16%
2010-01-26,10799605440,-1.60%
2010-01-25,10975560550,1.87%
2010-01-22,10773644850,-2.81%
2010-01-21,11085171930,-1.36%
2010-01-20,11238050960,0.33%
2010-01-19,11200552330,0.36%
2010-01-15,11160169190,0.21%
2010-01-14,11137093110,-0.16%
2010-01-13,11154400170,1.10%
2010-01-12,11033250750,-1.85%
2010-01-11,11240935470,0.03%
2010-01-08,11238050960,0.49%
2010-01-07,11183245270,-1.65%
2010-01-06,11370738420,-1.43%
2010-01-05,11535155490,0.96%
2010-01-04,11425544110,1.46%
2009-12-31,11261127040,-0.46%
2009-12-30,11312970340,-0.70%
2009-12-29,11393224500,0.10%
2009-12-28,11381759620,-0.20%
2009-12-24,11404689380,1.38%
2009-12-23,11249913500,0.44%
2009-12-22,11201187760,0.59%
2009-12-21,11135264700,1.46%
2009-12-18,10974756380,2.08%
2009-12-17,10751191220,2.29%
2009-12-16,10510428740,-0.35%
2009-12-15,10547689600,0.16%
2009-12-14,10530492280,2.11%
2009-12-11,10312659560,
2009-12-10,10312659560,2.22%
2009-12-09,10089094400,-0.96%
2009-12-08,10186545880,-2.44%
2009-12-07,10441639460,-1.25%
2009-12-04,10573485580,0.60%
2009-12-03,10510428740,-1.19%
2009-12-02,10636542420,0.30%
2009-12-01,10605014000,0.84%
2009-11-30,10516161180,0.63%
2009-11-27,10450238120,-1.46%
2009-11-25,10605014000,-0.03%
2009-11-24,10607880220,-1.73%
2009-11-23,10794184519,0.56%
2009-11-20,10733993900,1.24%
2009-11-19,10602147780,-0.96%
2009-11-18,10705331700,-1.19%
2009-11-17,10834311600,1.86%
2009-11-16,10636542420,1.31%
2009-11-13,10498963860,1.33%
2009-11-12,10361385300,-1.07%
2009-11-11,10473167880,4.52%
2009-11-10,10020305120,-0.06%
2009-11-09,10026037560,4.32%
2009-11-06,9610435660,1.98%
2009-11-05,9424131360,2.88%
2009-11-04,9160439120,1.17%
2009-11-03,9054388980,5.19%
2009-11-02,8607258660,-0.63%
2009-10-30,8661716840,-2.64%
2009-10-29,8896746880,1.60%
2009-10-28,8756302100,-2.08%
2009-10-27,8942606400,-2.23%
2009-10-26,9146108020,-1.12%
2009-10-23,9249291940,-2.09%
2009-10-22,9447061120,-0.45%
2009-10-21,9490054420,-2.16%
2009-10-20,9699288480,-1.74%
2009-10-19,9871261680,2.32%
2009-10-16,9647696519,-2.15%
2009-10-15,9859796800,5.85%
2009-10-14,9315215000,1.88%
2009-10-13,9143241800,-0.16%
2009-10-12,9157572900,1.56%
2009-10-09,9017128120,1.29%
2009-10-08,8902479320,-0.93%
2009-10-07,8985599700,-0.25%
2009-10-06,9008529460,1.32%
2009-10-05,8891014440,1.74%
2009-10-02,8739104780,0.63%
2009-10-01,8684646600,-3.38%
2009-09-30,8988465920,0.19%
2009-09-29,8971062030,-1.11%
2009-09-28,9071409480,1.70%
2009-09-25,8919454770,-0.03%
2009-09-24,8922321840,-1.71%
2009-09-23,9077143620,-0.69%
2009-09-22,9140219160,1.40%
2009-09-21,9014068080,1.58%
2009-09-18,8873581650,1.74%
2009-09-17,8721626940,-0.33%
2009-09-16,8750297640,2.42%
2009-09-15,8543868600,1.92%
2009-09-14,8383312680,-1.71%
2009-09-11,8529533250,2.30%
2009-09-10,8337439559,1.29%
2009-09-09,8231357970,1.34%
2009-09-08,8122409309,1.80%
2009-09-04,7979055809,3.30%
2009-09-03,7723886580,3.10%
2009-09-02,7491653910,0.23%
2009-09-01,7474451490,-2.94%
2009-08-31,7700950020,-2.79%
2009-08-28,7921714410,-1.11%
2009-08-27,8010593580,-0.96%
2009-08-26,8088004470,-0.91%
2009-08-25,8162548290,-0.11%
2009-08-24,8171149500,-1.45%
2009-08-21,8291566440,1.44%
2009-08-20,8174016570,2.04%
2009-08-19,8010593580,1.12%
2009-08-18,7921714410,3.87%
2009-08-17,7626406200,-3.62%
2009-08-14,7913113200,-1.71%
2009-08-13,8050732559,3.69%
2009-08-12,7764025559,0.26%
2009-08-11,7743956070,-1.75%
2009-08-10,7881575430,-2.21%
2009-08-07,8059333770,-0.25%
2009-08-06,8079403260,-2.39%
2009-08-05,8277231090,-1.40%
2009-08-04,8394780960,1.17%
2009-08-03,8297300580,0.70%
2009-07-31,8239959180,-1.20%
2009-07-30,8340306630,7.50%
2009-07-29,7758291420,-1.49%
2009-07-28,7875841290,1.14%
2009-07-27,7786962120,-0.80%
2009-07-24,7850037660,-1.16%
2009-07-23,7941783900,2.63%
2009-07-22,7738221930,0.11%
2009-07-21,7729620720,2.98%
2009-07-20,7505989260,2.99%
2009-07-17,7288091940,-0.70%
2009-07-16,7339699200,1.07%
2009-07-15,7262288309,4.41%
2009-07-14,6955511820,0.37%
2009-07-13,6929708190,1.68%
2009-07-10,6815025390,-0.13%
2009-07-09,6823626600,2.19%
2009-07-08,6677406030,0.74%
2009-07-07,6628665840,-1.24%
2009-07-06,6711810870,-4.06%
2009-07-02,6995650800,0.37%
2009-07-01,6969847170,1.21%
2009-06-30,6886702140,-0.41%
2009-06-29,6914878860,-1.67%
2009-06-26,7032322950,2.46%
2009-06-25,6863318040,2.52%
2009-06-24,6694313130,5.89%
2009-06-23,6321929430,1.05%
2009-06-22,6256046160,-2.93%
2009-06-19,6445102500,0.76%
2009-06-18,6396406169,0.36%
2009-06-17,6373490250,-0.36%
2009-06-16,6396406169,-1.06%
2009-06-15,6465153930,-2.76%
2009-06-12,6648481290,3.52%
2009-06-11,6422186580,0.85%
2009-06-10,6367761270,-4.02%
2009-06-09,6634158840,3.30%
2009-06-08,6422186580,-2.78%
2009-06-05,6605513940,0.79%
2009-06-04,6553953120,-0.48%
2009-06-03,6585462510,-5.51%
2009-06-02,6969304169,-1.50%
2009-06-01,7075290300,1.81%
2009-05-29,6949252740,-0.94%
2009-05-28,7015136010,3.33%
2009-05-27,6788841300,1.54%
2009-05-26,6685719660,3.14%
2009-05-22,6482340870,-0.13%
2009-05-21,6490934340,-2.58%
2009-05-20,6662803740,0.65%
2009-05-19,6619836390,-1.32%
2009-05-18,6708635580,6.94%
2009-05-15,6273233100,-2.14%
2009-05-14,6410728620,1.87%
2009-05-13,6293284530,-4.27%
2009-05-12,6574004550,-1.96%
2009-05-11,6705771090,1.04%
2009-05-08,6637023330,-0.30%
2009-05-07,6657074760,-4.87%
2009-05-06,6997949070,0.91%
2009-05-05,6934930290,0.58%
2009-05-04,6894827430,-0.29%
2009-05-01,6914878860,-1.55%
2009-04-30,7023729480,3.85%
2009-04-29,6763060890,5.68%
2009-04-28,6399270660,-3.62%
2009-04-27,6639887820,-0.69%
2009-04-24,6685719660,3.00%
2009-04-23,6490934340,-0.22%
2009-04-22,6505256790,-0.26%
2009-04-21,6522443730,1.34%
2009-04-20,6436509030,-5.47%
2009-04-17,6808892730,-1.94%
2009-04-16,6943523760,-0.98%
2009-04-15,7012271520,4.17%
2009-04-14,6731551500,-5.58%
2009-04-13,7129715610,-0.88%
2009-04-09,7192734390,4.45%
2009-04-08,6886233960,2.30%
2009-04-07,6731551500,-1.47%
2009-04-06,6831808650,-0.67%
2009-04-03,6877640490,3.80%
2009-04-02,6625565370,9.67%
2009-04-01,6041209410,3.33%
2009-03-31,5846424090,-0.40%
2009-03-30,5869793890,-4.82%
2009-03-27,6167143410,-0.19%
2009-03-26,6178579930,1.12%
2009-03-25,6109960810,1.86%
2009-03-24,5998454740,-0.57%
2009-03-23,6032764300,8.48%
2009-03-20,5561007850,-2.99%
2009-03-19,5732555650,-0.20%
2009-03-18,5743992170,2.66%
2009-03-17,5595317410,1.61%
2009-03-16,5506684380,-4.79%
2009-03-13,5784019990,0.20%
2009-03-12,5772583470,4.07%
2009-03-11,5546712200,4.98%
2009-03-10,5283672240,10.59%
2009-03-09,4777606230,-0.18%
2009-03-06,4786183620,1.39%
2009-03-05,4720423630,-3.68%
2009-03-04,4900548820,8.21%
2009-03-03,4528861920,-3.36%
2009-03-02,4686114070,-6.56%
2009-02-27,5014914020,-0.90%
2009-02-26,5060660100,-0.34%
2009-02-25,5077814880,5.71%
2009-02-24,4803338400,5.66%
2009-02-23,4546016700,-5.53%
2009-02-20,4811915789,5.25%
2009-02-19,4571748870,-4.82%
2009-02-18,4803338400,-4.05%
2009-02-17,5006336630,-8.66%
2009-02-13,5480952210,-1.13%
2009-02-12,5543853070,0.31%
2009-02-11,5526698289,1.84%
2009-02-10,5426628740,-6.09%
2009-02-09,5778301730,-1.46%
2009-02-06,5864075630,2.45%
2009-02-05,5723978260,0.30%
2009-02-04,5706823480,-2.73%
2009-02-03,5866934760,6.27%
2009-02-02,5520980030,-1.08%
2009-01-30,5581021760,-2.16%
2009-01-29,5703964350,-3.53%
2009-01-28,5912680840,5.56%
2009-01-27,5601035670,-0.61%
2009-01-26,5635345230,0.31%
2009-01-23,5618190450,-1.75%
2009-01-22,5718260000,6.84%
2009-01-21,5352291360,9.99%
2009-01-20,4866239260,-8.98%
2009-01-16,5346573100,3.31%
2009-01-15,5175025300,-0.82%
2009-01-14,5217912250,-4.85%
2009-01-13,5483811340,0.31%
2009-01-12,5466656560,-4.73%
2009-01-09,5738273910,0.35%
2009-01-08,5718260000,0.86%
2009-01-07,5669654789,0.71%
2009-01-06,5629626970,0.51%
2009-01-05,5601035670,6.29%
2009-01-02,5269376590,4.84%
2008-12-31,5026350539,3.35%
2008-12-30,4863380130,3.91%
2008-12-29,4680395810,-3.59%
2008-12-26,4854802740,2.91%
2008-12-24,4717564500,-1.43%
2008-12-23,4786183620,-1.18%
2008-12-22,4843366220,-2.98%
2008-12-19,4992040980,-1.69%
2008-12-18,5077814880,-1.72%
2008-12-17,5166447910,2.61%
2008-12-16,5034927930,3.53%
2008-12-15,4863380130,-3.74%
2008-12-12,5052082710,-1.12%
2008-12-11,5109265310,-5.10%
2008-12-10,5383741789,-0.48%
2008-12-09,5409473960,4.07%
2008-12-08,5197898340,3.77%
2008-12-05,5009195760,13.69%
2008-12-04,4405919330,0.39%
2008-12-03,4388764550,8.17%
2008-12-02,4057105470,11.29%
2008-12-01,3645390750,-9.38%
2008-11-28,4022795910,1.08%
2008-11-26,3979908960,7.74%
2008-11-25,3693995960,7.40%
2008-11-24,3439533390,18.06%
2008-11-21,2913453470,-4.32%
2008-11-20,3044973450,-13.56%
2008-11-19,3522448160,-6.03%
2008-11-18,3748319430,-5.82%
2008-11-17,3979908960,-1.00%
2008-11-14,4019936780,3.69%
2008-11-13,3876980280,1.80%
2008-11-12,3808361160,-17.37%
2008-11-11,4608917560,-5.57%
2008-11-10,4880534910,-1.22%
2008-11-07,4940576640,-1.43%
2008-11-06,5012054890,-15.52%
2008-11-05,5932694750,-7.53%
2008-11-04,6415887720,3.03%
2008-11-03,6227185140,2.88%
2008-10-31,6052778210,0.38%
2008-10-30,6029905170,5.61%
2008-10-29,5709682610,2.46%
2008-10-28,5572444370,10.61%
2008-10-27,5037787060,-2.71%
2008-10-24,5177884430,-5.73%
2008-10-23,5492388730,-4.09%
2008-10-22,5726837390,-6.97%
2008-10-21,6155706890,-5.45%
2008-10-20,6510239010,2.75%
2008-10-17,6335832080,9.98%
2008-10-16,5761146950,3.28%
2008-10-15,5578162630,-8.96%
2008-10-14,6127115590,-1.02%
2008-10-13,6190016450,17.03%
2008-10-10,5289390500,-7.96%
2008-10-09,5746851300,-6.07%
2008-10-08,6118538200,-2.82%
2008-10-07,6295804260,-5.62%
2008-10-06,6670350289,-6.75%
2008-10-03,7153543260,-0.83%
2008-10-02,7213584990,-10.75%
2008-10-01,8082760510,-2.42%
2008-09-30,8282899610,7.50%
2008-09-29,7704678410,-13.66%
2008-09-26,8924042310,-0.63%
2008-09-25,8980756910,3.16%
2008-09-24,8705691100,-1.70%
2008-09-23,8855984790,-4.73%
2008-09-22,9295522940,-7.01%
2008-09-19,9995948250,10.36%
2008-09-18,9057321620,2.93%
2008-09-17,8799270190,-7.43%
2008-09-16,9505366960,2.26%
2008-09-15,9295522940,-3.84%
2008-09-12,9667003570,0.80%
2008-09-11,9590438860,-0.65%
2008-09-10,9652824920,-2.35%
2008-09-09,9885354780,-3.01%
2008-09-08,10191613620,2.33%
2008-09-05,9959083760,-0.82%
2008-09-04,10041319929,-3.51%
2008-09-03,10407129100,-1.92%
2008-09-02,10611301660,0.05%
2008-08-29,10605630200,-1.27%
2008-08-28,10741745240,2.57%
2008-08-27,10472350890,1.48%
2008-08-26,10319221470,-1.44%
2008-08-25,10469515160,-2.69%
2008-08-22,10758759620,0.77%
2008-08-21,10676523450,0.37%
2008-08-20,10636823230,0.83%
2008-08-19,10548915600,-1.67%
2008-08-18,10727566590,-0.63%
2008-08-15,10795624110,0.79%
2008-08-14,10710552210,0.91%
2008-08-13,10614137390,-0.13%
2008-08-12,10628316040,-0.21%
2008-08-11,10651001880,1.54%
2008-08-08,10489365270,2.30%
2008-08-07,10253999679,-2.85%
2008-08-06,10554587060,1.78%
2008-08-05,10370264610,0.33%
2008-08-04,10336235850,-2.59%
2008-08-01,10611301660,-2.04%
2008-07-31,10832488600,-1.67%
2008-07-30,11016811050,3.82%
2008-07-29,10611301660,1.77%
2008-07-28,10426979210,-1.29%
2008-07-25,10563094250,4.52%
2008-07-24,10106541720,-1.08%
2008-07-23,10217135190,1.98%
2008-07-22,10018634090,-0.28%
2008-07-21,10046991390,
2008-07-18,10046991390,-1.34%
2008-07-17,10183106429,-0.28%
2008-07-16,10211463730,1.95%
2008-07-15,10015798360,-0.73%
2008-07-14,10089527340,-1.14%
2008-07-11,10205792270,-1.64%
2008-07-10,10375936070,0.58%
2008-07-09,10316385740,-1.19%
2008-07-08,10441157860,2.19%
2008-07-07,10217135190,-1.80%
2008-07-03,10404293370,1.35%
2008-07-02,10265342600,-4.00%
2008-07-01,10693537830,-2.63%
2008-06-30,10982782290,1.22%
2008-06-27,10850189240,-0.44%
2008-06-26,10897692000,-3.25%
2008-06-25,11263742680,0.05%
2008-06-24,11258154120,-1.13%
2008-06-23,11386691000,-1.57%
2008-06-20,11568319200,-2.52%
2008-06-19,11867307160,1.07%
2008-06-18,11741564560,-0.80%
2008-06-17,11836570080,0.88%
2008-06-16,11733181720,1.55%
2008-06-13,11554347800,2.15%
2008-06-12,11311245440,-0.10%
2008-06-11,11322422560,-2.90%
2008-06-10,11660530440,2.94%
2008-06-09,11328011120,1.91%
2008-06-06,11115645840,-3.94%
2008-06-05,11571113480,1.42%
2008-06-04,11409045240,-1.38%
2008-06-03,11568319200,-0.96%
2008-06-02,11680090400,-1.62%
2008-05-30,11872895720,1.99%
2008-05-29,11640970480,0.26%
2008-05-28,11610233400,0.48%
2008-05-27,11554347800,1.15%
2008-05-23,11423016640,-0.20%
2008-05-22,11445370880,-1.28%
2008-05-21,11593467720,-1.96%
2008-05-20,11825392960,-0.89%
2008-05-19,11931575600,0.19%
2008-05-16,11909221360,0.97%
2008-05-15,11794655880,0.02%
2008-05-14,11791861600,1.98%
2008-05-13,11562730640,0.75%
2008-05-12,11476107960,1.38%
2008-05-09,11319628280,-0.30%
2008-05-08,11353159640,0.05%
2008-05-07,11347571080,3.20%
2008-05-06,10995491800,0.85%
2008-05-05,10903280560,-1.06%
2008-05-02,11020640320,0.18%
2008-05-01,11001080360,1.34%
2008-04-30,10855777800,0.26%
2008-04-29,10827835000,-1.02%
2008-04-28,10939606200,-0.13%
2008-04-25,10953577600,0.72%
2008-04-24,10875337760,-0.21%
2008-04-23,10897692000,0.03%
2008-04-22,10894897720,-1.19%
2008-04-21,11026228880,1.62%
2008-04-18,10850189240,2.35%
2008-04-17,10601498320,-0.13%
2008-04-16,10615469720,2.48%
2008-04-15,10358395960,1.56%
2008-04-14,10199122000,0.19%
2008-04-11,10179562040,-0.27%
2008-04-10,10207504840,-1.38%
2008-04-09,10350013120,-1.78%
2008-04-08,10537229880,1.67%
2008-04-07,10363984520,-0.80%
2008-04-04,10447812920,0.35%
2008-04-03,10411487280,2.31%
2008-04-02,10176767760,3.26%
2008-04-01,9855425560,2.26%
2008-03-31,9637471720,-0.03%
2008-03-28,9640023400,-1.54%
2008-03-27,9790867000,-1.88%
2008-03-26,9978024800,1.33%
2008-03-25,9846735000,1.50%
2008-03-24,9701478200,3.64%
2008-03-20,9360683400,0.27%
2008-03-19,9335542800,-1.42%
2008-03-18,9469626000,1.62%
2008-03-17,9318782400,-3.16%
2008-03-14,9623263000,-2.55%
2008-03-13,9874669000,2.20%
2008-03-12,9662370600,-1.14%
2008-03-11,9774106600,2.91%
2008-03-10,9497560000,-2.94%
2008-03-07,9785280200,-0.91%
2008-03-06,9874669000,-1.12%
2008-03-05,9986405000,1.33%
2008-03-04,9855115200,-1.59%
2008-03-03,10014339000,-0.66%
2008-02-29,10081380600,-2.64%
2008-02-28,10355133800,-0.94%
2008-02-27,10452902800,-1.29%
2008-02-26,10589779400,2.38%
2008-02-25,10343960200,0.08%
2008-02-22,10335580000,2.52%
2008-02-21,10081380600,-1.45%
2008-02-20,10229430800,1.41%
2008-02-19,10086967400,2.12%
2008-02-15,9877462400,1.14%
2008-02-14,9765726400,-0.43%
2008-02-13,9807627400,0.34%
2008-02-12,9774106600,0.69%
2008-02-11,9707065000,2.51%
2008-02-08,9469626000,2.08%
2008-02-07,9276881400,-4.57%
2008-02-06,9721032000,-0.88%
2008-02-05,9807627400,-3.97%
2008-02-04,10212670400,-1.19%
2008-02-01,10335580000,2.61%
2008-01-31,10073000400,2.59%
2008-01-30,9818801000,-1.84%
2008-01-29,10003165400,4.59%
2008-01-28,9564601600,0.62%
2008-01-25,9505940200,-0.82%
2008-01-24,9584155400,3.44%
2008-01-23,9265707800,-1.07%
2008-01-22,9366270200,-1.44%
2008-01-18,9503146800,-5.34%
2008-01-17,10039479600,-0.58%
2008-01-16,10098141000,-2.53%
2008-01-15,10360720600,0.11%
2008-01-14,10349547000,-0.86%
2008-01-11,10438935800,-2.43%
2008-01-10,10698722000,-0.49%
2008-01-09,10751796600,1.21%
2008-01-08,10623300200,-0.81%
2008-01-07,10709895600,-0.75%
2008-01-04,10790904200,-1.58%
2008-01-03,10964095000,-2.17%
2008-01-02,11207120800,-3.56%
2007-12-31,11620544000,-0.05%
2007-12-28,11625783610,1.05%
2007-12-27,11505410700,-2.12%
2007-12-26,11754554630,2.19%
2007-12-24,11502611330,-0.17%
2007-12-21,11522206919,1.55%
2007-12-20,11345846610,2.09%
2007-12-19,11113498900,1.35%
2007-12-18,10965132290,3.02%
2007-12-17,10643204740,-2.06%
2007-12-14,10867154340,-0.15%
2007-12-13,10883950560,-0.72%
2007-12-12,10962332919,-2.64%
2007-12-11,11259066140,-3.55%
2007-12-10,11673372900,-0.83%
2007-12-07,11771350850,3.14%
2007-12-06,11413031490,-1.31%
2007-12-05,11564197470,1.52%
2007-12-04,11390636530,-4.82%
2007-12-03,11967306750,1.91%
2007-11-30,11743357150,1.60%
2007-11-29,11558598730,0.93%
2007-11-28,11452222669,0.86%
2007-11-27,11354244720,-0.73%
2007-11-26,11438225820,-0.66%
2007-11-23,11513808810,1.06%
2007-11-21,11393435900,-1.64%
2007-11-20,11583793060,0.88%
2007-11-19,11483015740,-0.36%
2007-11-16,11525006290,1.35%
2007-11-15,11371040940,0.79%
2007-11-14,11281461100,2.65%
2007-11-13,10990326620,6.31%
2007-11-12,10338073410,0.19%
2007-11-09,10318477820,-5.46%
2007-11-08,10914743630,0.62%
2007-11-07,10847558750,-3.85%
2007-11-06,11281461100,-0.10%
2007-11-05,11292658580,-0.52%
2007-11-02,11351445350,1.50%
2007-11-01,11183483150,-2.73%
2007-10-31,11497012590,-0.61%
2007-10-30,11566996840,0.61%
2007-10-29,11497012590,-0.32%
2007-10-26,11533404400,0.51%
2007-10-25,11474617630,1.36%
2007-10-24,11320652280,0.82%
2007-10-23,11228273070,2.04%
2007-10-22,11004323470,2.50%
2007-10-19,10735583950,-0.70%
2007-10-18,10811166940,-1.13%
2007-10-17,10934339220,2.71%
2007-10-16,10646004110,-0.99%
2007-10-15,10752380169,-1.51%
2007-10-12,10917543000,0.28%
2007-10-11,10886749930,-0.41%
2007-10-10,10931539850,0.13%
2007-10-09,10917543000,0.75%
2007-10-08,10836361270,-0.49%
2007-10-05,10889549300,-2.11%
2007-10-04,11124696380,1.82%
2007-10-03,10925941110,-2.35%
2007-10-02,11189081890,-1.99%
2007-10-01,11415830860,-0.57%
2007-09-28,11481103510,-0.64%
2007-09-27,11554573530,3.62%
2007-09-26,11150488420,1.34%
2007-09-25,11003548380,-0.54%
2007-09-24,11062889550,0.41%
2007-09-21,11017677230,1.09%
2007-09-20,10898994890,
2007-09-19,10898994890,-1.46%
2007-09-18,11060063780,3.65%
2007-09-17,10670107520,-0.26%
2007-09-14,10698365220,0.99%
2007-09-13,10593811730,1.76%
2007-09-12,10410136680,-0.41%
2007-09-11,10452523230,3.93%
2007-09-10,10056915430,-0.48%
2007-09-07,10104953520,-1.51%
2007-09-06,10260370870,0.17%
2007-09-05,10243416250,-1.57%
2007-09-04,10407310910,0.19%
2007-08-31,10387530520,2.03%
2007-08-30,10181249310,-1.40%
2007-08-29,10325363580,1.81%
2007-08-28,10141688530,-3.08%
2007-08-27,10463826310,-0.48%
2007-08-24,10514690170,1.89%
2007-08-23,10319712040,-1.88%
2007-08-22,10517515940,3.07%
2007-08-21,10203855470,-0.63%
2007-08-20,10268848180,-0.25%
2007-08-17,10294280110,3.85%
2007-08-16,9912801160,-1.29%
2007-08-15,10042786580,-3.45%
2007-08-14,10401659370,-3.39%
2007-08-13,10766183700,0.29%
2007-08-10,10735100230,-2.56%
2007-08-09,11017677230,-0.79%
2007-08-08,11105276100,4.97%
2007-08-07,10579682880,1.49%
2007-08-06,10424265530,0.38%
2007-08-03,10384704750,-2.10%
2007-08-02,10607940580,5.12%
2007-08-01,10090824670,-1.49%
2007-07-31,10243416250,-1.04%
2007-07-30,10350795510,3.15%
2007-07-27,10034309270,-1.50%
2007-07-26,10186900850,-2.75%
2007-07-25,10475129390,-2.11%
2007-07-24,10701190990,-0.21%
2007-07-23,10723797150,-0.60%
2007-07-20,10788789860,-1.01%
2007-07-19,10898994890,1.23%
2007-07-18,10766183700,-0.44%
2007-07-17,10814221790,0.60%
2007-07-16,10749229080,0.13%
2007-07-13,10735100230,-0.01%
2007-07-12,10736513115,1.59%
2007-07-11,10568379800,1.44%
2007-07-10,10418613990,-0.89%
2007-07-09,10511864400,-0.40%
2007-07-06,10554250950,1.30%
2007-07-05,10418613990,-0.22%
2007-07-03,10441220150,0.14%
2007-07-02,10427091300,1.94%
2007-06-29,10229046750,1.23%
2007-06-28,10104955750,2.37%
2007-06-27,9870875000,2.70%
2007-06-26,9611412000,-1.02%
2007-06-25,9710120750,-1.43%
2007-06-22,9851133250,-0.06%
2007-06-21,9856773750,-1.05%
2007-06-20,9961123000,-1.78%
2007-06-19,10141619000,-1.13%
2007-06-18,10257249250,2.89%
2007-06-15,9969583750,0.54%
2007-06-14,9915998999,0.17%
2007-06-13,9899077500,-0.40%
2007-06-12,9938561000,-0.73%
2007-06-11,10011887500,-0.36%
2007-06-08,10048550750,-0.59%
2007-06-07,10107776000,-2.42%
2007-06-06,10358778250,-1.97%
2007-06-05,10567476750,0.32%
2007-06-04,10533633750,0.08%
2007-06-01,10525173000,1.36%
2007-05-31,10384160500,1.13%
2007-05-30,10268530249,1.76%
2007-05-29,10090854500,0.96%
2007-05-25,9994966000,0.43%
2007-05-24,9952662250,-2.19%
2007-05-23,10175462000,0.59%
2007-05-22,10116236750,-1.21%
2007-05-21,10240327750,1.91%
2007-05-18,10048550750,0.11%
2007-05-17,10037269750,-1.03%
2007-05-16,10141619000,1.24%
2007-05-15,10017528000,-0.11%
2007-05-14,10028809000,1.75%
2007-05-11,9856773750,1.30%
2007-05-10,9729862500,-1.48%
2007-05-09,9876515500,2.49%
2007-05-08,9636794250,0.41%
2007-05-07,9597310750,-0.79%
2007-05-04,9673457500,0.38%
2007-05-03,9636794250,-2.90%
2007-05-02,9924459750,1.50%
2007-05-01,9777806750,0.96%
2007-04-30,9684738500,-1.89%
2007-04-27,9870875000,-0.31%
2007-04-26,9901897750,-0.14%
2007-04-25,9915998999,1.35%
2007-04-24,9783447250,-0.34%
2007-04-23,9817290250,-0.34%
2007-04-20,9851133250,0.43%
2007-04-19,9808829500,-0.06%
2007-04-18,9814470000,0.43%
2007-04-17,9772166250,0.41%
2007-04-16,9732682750,1.05%
2007-04-13,9631153750,1.28%
2007-04-12,9509883000,2.24%
2007-04-11,9301184500,-0.24%
2007-04-10,9323746500,0.73%
2007-04-09,9256060500,1.74%
2007-04-05,9098126500,-0.12%
2007-04-04,9109407500,-0.58%
2007-04-03,9162992250,0.59%
2007-04-02,9109407500,3.68%
2007-03-30,8786141280,-0.31%
2007-03-29,8813486880,-0.71%
2007-03-28,8876381760,-1.01%
2007-03-27,8966622240,-1.12%
2007-03-26,9067800960,-0.93%
2007-03-23,9152572320,0.03%
2007-03-22,9149837760,-0.68%
2007-03-21,9212732640,1.78%
2007-03-20,9051393600,-0.54%
2007-03-19,9100615680,0.79%
2007-03-16,9029517120,0.86%
2007-03-15,8952949440,1.02%
2007-03-14,8862708960,-0.46%
2007-03-13,8903727360,-2.40%
2007-03-12,9122492160,2.74%
2007-03-09,8879116320,0.84%
2007-03-08,8805283200,1.93%
2007-03-07,8638475040,0.67%
2007-03-06,8581049280,2.35%
2007-03-05,8384160960,-2.60%
2007-03-02,8608394880,-1.87%
2007-03-01,8772468480,-1.93%
2007-02-28,8944745760,-1.71%
2007-02-27,9100615680,-4.64%
2007-02-26,9543614400,1.31%
2007-02-23,9420559200,-0.14%
2007-02-22,9434232000,-0.14%
2007-02-21,9447904800,-0.83%
2007-02-20,9527207040,-0.11%
2007-02-16,9538145280,-1.44%
2007-02-15,9677607840,0.34%
2007-02-14,9644793120,3.07%
2007-02-13,9357664320,0.29%
2007-02-12,9330318720,-2.09%
2007-02-09,9529941600,-0.85%
2007-02-08,9611978400,0.37%
2007-02-07,9576429120,1.51%
2007-02-06,9434232000,-0.66%
2007-02-05,9497126880,-1.17%
2007-02-02,9609243840,0.86%
2007-02-01,9527207040,-0.91%
2007-01-31,9614712960,0.14%
2007-01-30,9601040160,0.63%
2007-01-29,9540879840,-1.47%
2007-01-26,9683076960,1.46%
2007-01-25,9543614400,-0.96%
2007-01-24,9636589440,0.06%
2007-01-23,9631120320,-2.03%
2007-01-22,9830743200,-0.72%
2007-01-19,9901841760,5.08%
2007-01-18,9423293760,0.88%
2007-01-17,9341256960,-0.03%
2007-01-16,9343991520,-0.61%
2007-01-12,9401417280,1.42%
2007-01-11,9270158400,1.41%
2007-01-10,9141634080,2.08%
2007-01-09,8955684000,1.05%
2007-01-08,8862708960,1.00%
2007-01-05,8775203040,0.12%
2007-01-04,8764264800,1.55%
2007-01-03,8630271360,28.93%
2006-12-29,6694013499,0.16%
2006-12-28,6683651250,0.12%
2006-12-27,6675361450,0.88%
2006-12-26,6617332850,-0.90%
2006-12-22,6677433900,-2.63%
2006-12-21,6857737050,-0.15%
2006-12-20,6868099300,-0.12%
2006-12-19,6876389100,-0.42%
2006-12-18,6905403400,-1.42%
2006-12-15,7004880999,0.66%
2006-12-14,6959287100,0.84%
2006-12-13,6901258499,-1.10%
2006-12-12,6977939150,-1.78%
2006-12-11,7104358600,0.06%
2006-12-08,7100213700,-0.49%
2006-12-07,7135445350,-0.63%
2006-12-06,7181039250,2.51%
2006-12-05,7004880999,-0.82%
2006-12-04,7062909600,-0.32%
2006-12-01,7085706550,-0.78%
2006-11-30,7141662700,-0.98%
2006-11-29,7212125999,1.16%
2006-11-28,7129228000,-1.15%
2006-11-27,7212125999,-0.37%
2006-11-24,7239067850,
2006-11-22,7239067850,0.29%
2006-11-21,7218343350,0.87%
2006-11-20,7156169850,-0.06%
2006-11-17,7160314749,1.02%
2006-11-16,7087779000,2.55%
2006-11-15,6911620750,0.94%
2006-11-14,6847374800,0.82%
2006-11-13,6791418650,-0.03%
2006-11-10,6793491100,-0.88%
2006-11-09,6853592150,-0.12%
2006-11-08,6861881950,-1.81%
2006-11-07,6988301400,0.30%
2006-11-06,6967576899,0.51%
2006-11-03,6932345250,-0.24%
2006-11-02,6948924850,0.99%
2006-11-01,6880534000,-1.34%
2006-10-31,6973794250,-0.38%
2006-10-30,7000736100,-0.68%
2006-10-27,7048402450,-1.71%
2006-10-26,7170677000,4.78%
2006-10-25,6843229900,0.30%
2006-10-24,6822505400,-0.84%
2006-10-23,6880534000,0.21%
2006-10-20,6866026850,-0.66%
2006-10-19,6911620750,0.12%
2006-10-18,6903330950,-1.54%
2006-10-17,7011098350,-1.05%
2006-10-16,7085706550,-0.44%
2006-10-13,7116793300,-0.52%
2006-10-12,7154097400,0.49%
2006-10-11,7118865750,2.14%
2006-10-10,6969649350,-0.41%
2006-10-09,6998663650,2.02%
2006-10-06,6859809500,-4.75%
2006-10-05,7201763750,-0.09%
2006-10-04,7207981100,0.52%
2006-10-03,7170677000,
2006-10-02,7170677000,1.20%
2006-09-29,7085706800,0.66%
2006-09-28,7039460700,0.40%
2006-09-27,7011310899,-0.66%
2006-09-26,7057557000,0.46%
2006-09-25,7025385800,1.57%
2006-09-22,6916808000,-0.69%
2006-09-21,6965064800,-0.20%
2006-09-20,6979139700,-0.03%
2006-09-19,6981150400,-1.50%
2006-09-18,7087717500,-0.25%
2006-09-15,7105813800,-0.31%
2006-09-14,7127931500,
2006-09-13,7127931500,0.65%
2006-09-12,7081685400,1.79%
2006-09-11,6957022000,1.56%
2006-09-08,6850454900,-0.06%
2006-09-07,6854476300,0.24%
2006-09-06,6838390700,-2.61%
2006-09-05,7021364400,1.63%
2006-09-01,6908765200,
2006-08-31,6908765200,-0.66%
2006-08-30,6955011300,1.74%
2006-08-29,6836380000,0.29%
2006-08-28,6816273000,1.59%
2006-08-25,6709705899,0.18%
2006-08-24,6697641700,-0.12%
2006-08-23,6705684500,-0.77%
2006-08-22,6757962700,0.33%
2006-08-21,6735845000,-1.53%
2006-08-18,6840401400,1.16%
2006-08-17,6761984100,-0.88%
2006-08-16,6822305100,0.83%
2006-08-15,6766005500,3.32%
2006-08-14,6548849900,-1.30%
2006-08-11,6635310000,-0.63%
2006-08-10,6677534700,-1.10%
2006-08-09,6751930600,-1.67%
2006-08-08,6866540500,1.64%
2006-08-07,6755952000,-1.26%
2006-08-04,6842412100,-3.87%
2006-08-03,7117878000,0.34%
2006-08-02,7093749600,0.06%
2006-08-01,7089728200,0.09%
2006-07-31,7083696099,1.88%
2006-07-28,6953000600,2.13%
2006-07-27,6808230200,0.98%
2006-07-26,6741877100,0.84%
2006-07-25,6685577500,-1.60%
2006-07-24,6794155300,1.62%
2006-07-21,6685577500,-0.03%
2006-07-20,6687588200,-0.57%
2006-07-19,6725791500,0.60%
2006-07-18,6685577500,
2006-07-17,6685577500,-0.72%
2006-07-14,6733834300,-2.45%
2006-07-13,6902733100,-0.98%
2006-07-12,6971096900,1.08%
2006-07-11,6896700999,-1.29%
2006-07-10,6987182500,-0.32%
2006-07-07,7009300200,-0.57%
2006-07-06,7049514200,1.53%
2006-07-05,6942947100,-1.43%
2006-07-03,7043482100,1.42%
2006-06-30,6944957800,-4.35%
2006-06-29,7260724500,2.52%
2006-06-28,7082077499,0.70%
2006-06-27,7033162250,-0.33%
2006-06-26,7056556500,-0.87%
2006-06-23,7118232250,1.03%
2006-06-22,7045922750,0.03%
2006-06-21,7043795999,3.76%
2006-06-20,6788586000,-0.28%
2006-06-19,6807726750,-1.33%
2006-06-16,6899176999,0.09%
2006-06-15,6892796749,6.05%
2006-06-14,6499348000,3.63%
2006-06-13,6271785750,-1.96%
2006-06-12,6397264000,-5.26%
2006-06-09,6752431250,0.47%
2006-06-08,6720530000,-4.21%
2006-06-07,7016148250,0.27%
2006-06-06,6997007500,-0.27%
2006-06-05,7016148250,-1.99%
2006-06-02,7158640499,2.09%
2006-06-01,7011894750,3.78%
2006-05-31,6756684750,-0.13%
2006-05-30,6765191750,-1.55%
2006-05-26,6871529250,0.47%
2006-05-25,6839627999,1.90%
2006-05-24,6712023000,-0.75%
2006-05-23,6763065000,0.06%
2006-05-22,6758811500,
2006-05-19,6758811500,-2.72%
2006-05-18,6948092250,-0.85%
2006-05-17,7007641250,-2.57%
2006-05-16,7192668500,1.90%
2006-05-15,7058683249,-0.72%
2006-05-12,7109725250,-2.88%
2006-05-11,7320273500,-0.38%
2006-05-10,7347921249,-0.06%
2006-05-09,7352174750,-0.09%
2006-05-08,7358555000,0.87%
2006-05-05,7294752499,-0.29%
2006-05-04,7316020000,1.21%
2006-05-03,7228823250,-0.15%
2006-05-02,7239457000,-0.50%
2006-05-01,7275611750,1.66%
2006-04-28,7156513750,3.99%
2006-04-27,6882163000,-0.22%
2006-04-26,6897050250,1.34%
2006-04-25,6805600000,4.30%
2006-04-24,6524869000,-1.29%
2006-04-21,6609939000,0.10%
2006-04-20,6603558750,-0.29%
2006-04-19,6622699500,0.94%
2006-04-18,6561023750,1.61%
2006-04-17,6456813000,-0.10%
2006-04-13,6463193250,0.46%
2006-04-12,6433418750,0.13%
2006-04-11,6424911750,-0.85%
2006-04-10,6480207250,1.77%
2006-04-07,6367489500,-0.27%
2006-04-06,6384503500,5.22%
2006-04-05,6067617750,0.74%
2006-04-04,6022956000,-1.46%
2006-04-03,6112279500,1.38%
2006-03-31,6029336250,0.47%
2006-03-30,6000954540,-1.55%
2006-03-29,6095322660,-0.56%
2006-03-28,6129638340,-2.36%
2006-03-27,6277624710,-0.78%
2006-03-24,6326953500,2.43%
2006-03-23,6176822400,-1.10%
2006-03-22,6245453760,-0.44%
2006-03-21,6273335250,-1.71%
2006-03-20,6382716480,2.27%
2006-03-17,6241164300,-0.51%
2006-03-16,6273335250,-0.37%
2006-03-15,6296927280,-2.78%
2006-03-14,6477084600,1.65%
2006-03-13,6371992830,-1.59%
2006-03-10,6474939870,-0.53%
2006-03-09,6509255550,0.20%
2006-03-08,6496387170,0.33%
2006-03-07,6474939870,-2.42%
2006-03-06,6635794620,0.62%
2006-03-03,6595044750,-0.26%
2006-03-02,6612202590,3.14%
2006-03-01,6410597970,-4.66%
2006-02-28,6723728550,-0.70%
2006-02-27,6770912610,0.89%
2006-02-24,6710860170,1.29%
2006-02-23,6625070970,0.42%
2006-02-22,6597189480,0.85%
2006-02-21,6541426500,0.53%
2006-02-17,6507110820,-0.56%
2006-02-16,6543571230,3.04%
2006-02-15,6350545530,0.68%
2006-02-14,6307650930,-2.62%
2006-02-13,6477084600,-2.11%
2006-02-10,6616492050,-0.48%
2006-02-09,6648663000,-3.12%
2006-02-08,6863136000,
2006-02-07,6863136000,0.79%
2006-02-06,6809517750,1.89%
2006-02-03,6682978680,-2.26%
2006-02-02,6837399240,-1.33%
2006-02-01,6929622630,2.15%
2006-01-31,6783780990,3.84%
2006-01-30,6532847580,1.06%
2006-01-27,6464216220,0.07%
2006-01-26,6459926760,0.07%
2006-01-25,6455637300,-1.31%
2006-01-24,6541426500,3.50%
2006-01-23,6320519310,-0.74%
2006-01-20,6367703370,-0.57%
2006-01-19,6404163780,4.19%
2006-01-18,6146796180,0.42%
2006-01-17,6121059420,-1.99%
2006-01-13,6245453760,-0.07%
2006-01-12,6249743220,-0.17%
2006-01-11,6260466870,1.42%
2006-01-10,6172532940,-0.79%
2006-01-09,6221861730,3.17%
2006-01-06,6030980760,1.19%
2006-01-05,5960204670,1.20%
2006-01-04,5889428580,2.08%
2006-01-03,5769323700,-1.55%
2005-12-30,5859894690,0.45%
2005-12-29,5833763610,-0.07%
2005-12-28,5838118790,0.04%
2005-12-27,5835941200,-1.80%
2005-12-23,5942643110,0.81%
2005-12-22,5894736130,-0.15%
2005-12-21,5903446490,0.07%
2005-12-20,5899091310,-0.40%
2005-12-19,5923044800,-0.07%
2005-12-16,5927399980,0.26%
2005-12-15,5912156850,0.11%
2005-12-14,5905624080,1.35%
2005-12-13,5827230840,-1.62%
2005-12-12,5923044800,-1.34%
2005-12-09,6003615630,0.84%
2005-12-08,5953531060,0.63%
2005-12-07,5916512030,-0.80%
2005-12-06,5964419010,0.44%
2005-12-05,5938287930,-2.29%
2005-12-02,6077653690,3.45%
2005-12-01,5875137820,-1.53%
2005-11-30,5966596600,2.97%
2005-11-29,5794566990,1.80%
2005-11-28,5692220260,-1.36%
2005-11-25,5770613500,0.08%
2005-11-23,5766258320,1.03%
2005-11-22,5707463390,-0.38%
2005-11-21,5729239290,-1.97%
2005-11-18,5844651560,-2.19%
2005-11-17,5975306960,2.58%
2005-11-16,5825053250,-0.93%
2005-11-15,5879493000,-2.35%
2005-11-14,6021036350,-0.54%
2005-11-11,6053700200,-0.75%
2005-11-10,6099429590,-0.85%
2005-11-09,6151691750,2.65%
2005-11-08,5992727680,4.32%
2005-11-07,5744482420,0.11%
2005-11-04,5737949650,-0.38%
2005-11-03,5759725550,2.32%
2005-11-02,5629070150,0.15%
2005-11-01,5620359790,5.26%
2005-10-31,5339450680,1.20%
2005-10-28,5276300570,-1.70%
2005-10-27,5367759350,2.84%
2005-10-26,5219683230,-2.76%
2005-10-25,5367759350,0.28%
2005-10-24,5352516220,0.74%
2005-10-21,5313319600,2.09%
2005-10-20,5204440100,0.97%
2005-10-19,5154355530,-2.39%
2005-10-18,5280655750,-2.65%
2005-10-17,5424376690,1.80%
2005-10-14,5328562730,1.33%
2005-10-13,5258879850,-0.37%
2005-10-12,5278478160,-0.78%
2005-10-11,5319852370,-0.08%
2005-10-10,5324207550,-0.65%
2005-10-07,5359048990,3.75%
2005-10-06,5165243480,-0.71%
2005-10-05,5202262510,-2.33%
2005-10-04,5326385140,-0.41%
2005-10-03,5348161040,-0.28%
2005-09-30,5363404170,1.09%
2005-09-29,5305334400,1.19%
2005-09-28,5242791840,-0.57%
2005-09-27,5272984800,0.87%
2005-09-26,5227695360,3.11%
2005-09-23,5070260640,-0.04%
2005-09-22,5072417280,-0.30%
2005-09-21,5087513760,1.64%
2005-09-20,5005561440,-3.01%
2005-09-19,5160839520,-2.92%
2005-09-16,5316117600,-0.80%
2005-09-15,5359250400,1.02%
2005-09-14,5305334400,
2005-09-13,5305334400,-0.08%
2005-09-12,5309647680,-1.12%
2005-09-09,5370033600,-0.60%
2005-09-08,5402383200,1.01%
2005-09-07,5348467200,-0.08%
2005-09-06,5352780480,-0.76%
2005-09-02,5393756640,-0.99%
2005-09-01,5447672640,2.02%
2005-08-31,5339840640,1.14%
2005-08-30,5279454720,0.82%
2005-08-29,5236321920,0.50%
2005-08-26,5210442240,2.37%
2005-08-25,5089670400,-2.12%
2005-08-24,5199659040,2.95%
2005-08-23,5050850880,-1.84%
2005-08-22,5145743040,2.62%
2005-08-19,5014188000,1.04%
2005-08-18,4962428640,2.09%
2005-08-17,4861066560,1.17%
2005-08-16,4804993920,-0.76%
2005-08-15,4841656800,1.86%
2005-08-12,4753234560,-2.13%
2005-08-11,4856753280,1.95%
2005-08-10,4764017760,-0.18%
2005-08-09,4772644320,2.60%
2005-08-08,4651872480,-1.37%
2005-08-05,4716571680,0.78%
2005-08-04,4679908800,-2.69%
2005-08-03,4809307200,4.21%
2005-08-02,4615209600,-1.47%
2005-08-01,4684222080,-0.18%
2005-07-29,4692848640,-1.81%
2005-07-28,4779114240,6.44%
2005-07-27,4490124480,0.92%
2005-07-26,4449148320,0.63%
2005-07-25,4421112000,-0.87%
2005-07-22,4459931520,1.08%
2005-07-21,4412485440,1.29%
2005-07-20,4356412800,-0.39%
2005-07-19,4373665920,1.15%
2005-07-18,4324063200,-0.99%
2005-07-15,4367196000,-0.74%
2005-07-14,4399545600,-1.35%
2005-07-13,4459931520,-2.18%
2005-07-12,4559136960,-0.09%
2005-07-11,4563450240,0.09%
2005-07-08,4559136960,1.49%
2005-07-07,4492281120,0.39%
2005-07-06,4475028000,2.07%
2005-07-05,4384449120,0.64%
2005-07-01,4356412800,-0.59%
2005-06-30,4382292480,-0.89%
2005-06-29,4421481620,-0.69%
2005-06-28,4452034800,0.79%
2005-06-27,4417116880,-0.20%
2005-06-24,4425846360,1.50%
2005-06-23,4360375260,-0.10%
2005-06-22,4364740000,5.43%
2005-06-21,4139955889,2.54%
2005-06-20,4037384500,0.98%
2005-06-17,3998101840,-0.60%
2005-06-16,4022107910,-0.22%
2005-06-15,4030837389,0.22%
2005-06-14,4022107910,-0.59%
2005-06-13,4046113980,2.54%
2005-06-10,3945724959,1.52%
2005-06-09,3886800969,-0.78%
2005-06-08,3917354150,-1.10%
2005-06-07,3961001549,1.97%
2005-06-06,3884618600,-2.47%
2005-06-03,3982825250,0.72%
2005-06-02,3954454440,1.06%
2005-06-01,3913054881,0.85%
2005-05-31,3880253860,0.28%
2005-05-27,3869342010,5.54%
2005-05-26,3666381600,0.90%
2005-05-25,3633646049,-0.42%
2005-05-24,3648922639,-0.95%
2005-05-23,3683840560,-0.41%
2005-05-20,3699117150,-1.45%
2005-05-19,3753676400,1.18%
2005-05-18,3710029000,2.35%
2005-05-17,3624916570,0.79%
2005-05-16,3596545760,-0.90%
2005-05-13,3629281310,-0.60%
2005-05-12,3651105010,-0.36%
2005-05-11,3664199230,0.72%
2005-05-10,3638010790,-1.13%
2005-05-09,3679475820,1.63%
2005-05-06,3620551830,-2.58%
2005-05-05,3716576110,3.46%
2005-05-04,3592181020,0.61%
2005-05-03,3570357320,2.00%
2005-05-02,3500521480,-0.56%
2005-04-29,3520162810,-0.37%
2005-04-28,3533257030,-2.88%
2005-04-27,3638010790,1.77%
2005-04-26,3574722060,-0.24%
2005-04-25,3583451540,0.80%
2005-04-22,3555080730,2.84%
2005-04-21,3456874080,0.38%
2005-04-20,3443779860,-1.07%
2005-04-19,3480880150,-1.05%
2005-04-18,3517980440,-0.19%
2005-04-15,3524527549,-2.53%
2005-04-14,3616187090,-0.96%
2005-04-13,3651105010,0.06%
2005-04-12,3648922639,-0.06%
2005-04-11,3651105010,-0.65%
2005-04-08,3675111080,0.12%
2005-04-07,3670746340,0.90%
2005-04-06,3638010790,0.12%
2005-04-05,3633646049,2.08%
2005-04-04,3559445469,0.12%
2005-04-01,3555080730,1.43%
2005-03-31,3504886219,0.03%
2005-03-30,3503827670,-0.19%
2005-03-29,3510535700,-1.20%
2005-03-28,3553019890,0.89%
2005-03-24,3521715750,1.42%
2005-03-23,3472523530,-3.48%
2005-03-22,3597740090,-0.98%
2005-03-21,3633516250,
2005-03-18,3633516250,-1.04%
2005-03-17,3671528420,-0.24%
2005-03-16,3680472460,-0.78%
2005-03-15,3709540590,-0.24%
2005-03-14,3718484630,0.79%
2005-03-11,3689416500,1.85%
2005-03-10,3622336200,1.00%
2005-03-09,3586560040,-2.08%
2005-03-08,3662584380,1.24%
2005-03-07,3617864180,0.50%
2005-03-04,3599976100,-1.65%
2005-03-03,3660348370,0.74%
2005-03-02,3633516250,-1.52%
2005-03-01,3689416500,0.98%
2005-02-28,3653640340,-0.18%
2005-02-25,3660348370,1.05%
2005-02-24,3622336200,-0.31%
2005-02-23,3633516250,-2.93%
2005-02-22,3743080739,-0.06%
2005-02-18,3745316750,0.66%
2005-02-17,3720720640,0.30%
2005-02-16,3709540590,2.66%
2005-02-15,3613392160,-0.19%
2005-02-14,3620100190,-0.37%
2005-02-11,3633516250,-0.43%
2005-02-10,3649168320,0.87%
2005-02-09,3617864180,-1.34%
2005-02-08,3667056399,1.49%
2005-02-07,3613392160,-0.25%
2005-02-04,3622336200,0.12%
2005-02-03,3617864180,-0.12%
2005-02-02,3622336200,-1.22%
2005-02-01,3667056399,
2005-01-31,3667056399,0.12%
2005-01-28,3662584380,0.18%
2005-01-27,3655876350,-0.49%
2005-01-26,3673764430,-1.44%
2005-01-25,3727428670,0.91%
2005-01-24,3693888520,-1.96%
2005-01-21,3767676850,-2.09%
2005-01-20,3848173210,-1.49%
2005-01-19,3906309469,1.93%
2005-01-18,3832521140,0.41%
2005-01-14,3816869070,1.79%
2005-01-13,3749788770,-2.16%
2005-01-12,3832521140,-0.70%
2005-01-11,3859353260,-0.23%
2005-01-10,3868297300,1.47%
2005-01-07,3812397050,2.40%
2005-01-06,3722956649,0.60%
2005-01-05,3700596550,2.48%
2005-01-04,3611156149,-1.58%
2005-01-03,3669292410,-1.38%
2004-12-31,3720720640,0.67%
2004-12-30,3696124530,0.49%
2004-12-29,3678236450,0.49%
2004-12-28,3660348370,0.24%
2004-12-27,3651404329,
2004-12-23,3651404329,-0.55%
2004-12-22,3671528420,0.37%
2004-12-21,3658112360,1.30%
2004-12-20,3611156149,0.50%
2004-12-17,3593268070,-1.65%
2004-12-16,3653640340,0.25%
2004-12-15,3644696300,-0.12%
2004-12-14,3649168320,-0.18%
2004-12-13,3655876350,-0.30%
2004-12-10,3667056399,-1.32%
2004-12-09,3716248620,-1.13%
2004-12-08,3758732809,-1.58%
2004-12-07,3819105079,-0.70%
2004-12-06,3845937200,-0.75%
2004-12-03,3875005329,0.12%
2004-12-02,3870533309,-0.12%
2004-12-01,3875005329,2.67%
2004-11-30,3774384880,-0.41%
2004-11-29,3790036950,0.30%
2004-11-26,3778856899,0.42%
2004-11-24,3763204829,1.51%
2004-11-23,3707304579,0.48%
2004-11-22,3689416500,0.49%
2004-11-19,3671528420,-0.06%
2004-11-18,3673764430,1.23%
2004-11-17,3629044230,-1.04%
2004-11-16,3667056399,-0.12%
2004-11-15,3671528420,-3.30%
2004-11-12,3796744980,1.19%
2004-11-11,3752024780,0.18%
2004-11-10,3745316750,1.03%
2004-11-09,3707304579,5.07%
2004-11-08,3528423780,-0.13%
2004-11-05,3532895800,0.51%
2004-11-04,3515007720,0.77%
2004-11-03,3488175600,0.97%
2004-11-02,3454635450,0.98%
2004-11-01,3421095300,-0.07%
2004-10-29,3423331310,-0.33%
2004-10-28,3434511360,-1.03%
2004-10-27,3470287520,0.91%
2004-10-26,3438983380,2.53%
2004-10-25,3354015000,-0.40%
2004-10-22,3367431060,0.40%
2004-10-21,3354015000,-0.33%
2004-10-20,3365195050,-0.66%
2004-10-19,3387555150,-0.26%
2004-10-18,3396499190,-0.46%
2004-10-15,3412151260,1.06%
2004-10-14,3376375100,-1.24%
2004-10-13,3418859290,-1.35%
2004-10-12,3465815500,-1.40%
2004-10-11,3515007720,1.48%
2004-10-08,3463579490,0.32%
2004-10-07,3452399440,-0.06%
2004-10-06,3454635450,0.72%
2004-10-05,3430039340,1.19%
2004-10-04,3389791160,0.73%
2004-10-01,3365195050,1.14%
2004-09-30,3327182880,1.64%
2004-09-29,3273534290,1.17%
2004-09-28,3235651320,0.41%
2004-09-27,3222280860,-2.30%
2004-09-24,3298046800,-1.20%
2004-09-23,3338158180,3.45%
2004-09-22,3226737680,-2.03%
2004-09-21,3293589980,-0.07%
2004-09-20,3295818390,-0.27%
2004-09-17,3304732030,0.20%
2004-09-16,3298046800,1.72%
2004-09-15,3242336550,-0.89%
2004-09-14,3271305880,0.14%
2004-09-13,3266849060,0.07%
2004-09-10,3264620650,1.67%
2004-09-09,3211138810,-0.28%
2004-09-08,3220052450,2.12%
2004-09-07,3153200150,-0.35%
2004-09-03,3164342200,-0.98%
2004-09-02,3195539940,1.20%
2004-09-01,3157656970,-0.98%
2004-08-31,3188854710,0.92%
2004-08-30,3159885380,-1.18%
2004-08-27,3197768350,4.44%
2004-08-26,3061835340,-0.43%
2004-08-25,3075205800,2.53%
2004-08-24,2999439860,-1.54%
2004-08-23,3046236470,0.15%
2004-08-20,3041779650,0.44%
2004-08-19,3028409190,-0.59%
2004-08-18,3046236470,2.01%
2004-08-17,2986069400,0.53%
2004-08-16,2970470530,-0.52%
2004-08-13,2986069400,1.06%
2004-08-12,2954871660,0.08%
2004-08-11,2952643250,-0.15%
2004-08-10,2957100070,2.87%
2004-08-09,2874648900,-1.60%
2004-08-06,2921445510,0.23%
2004-08-05,2914760280,-0.61%
2004-08-04,2932587560,-1.35%
2004-08-03,2972698940,-4.03%
2004-08-02,3097489900,-1.56%
2004-07-30,3146514920,-0.63%
2004-07-29,3166570610,-1.46%
2004-07-28,3213367220,4.27%
2004-07-27,3081891030,9.33%
2004-07-26,2818938650,-6.16%
2004-07-23,3003896680,-3.37%
2004-07-22,3108631950,-2.17%
2004-07-21,3177712660,-4.23%
2004-07-20,3318102490,1.64%
2004-07-19,3264620650,1.38%
2004-07-16,3220052450,1.40%
2004-07-15,3175484250,-0.56%
2004-07-14,3193311530,-2.12%
2004-07-13,3262392240,-0.48%
2004-07-12,3277991110,-1.08%
2004-07-09,3313645670,0.41%
2004-07-08,3300275210,-1.40%
2004-07-07,3347071820,4.52%
2004-07-06,3202225170,-0.42%
2004-07-02,3215595630,-0.41%
2004-07-01,3228966090,-1.76%
2004-06-30,3286904750,2.32%
2004-06-29,3212431440,2.48%
2004-06-28,3134782890,-12.13%
2004-06-25,3567396239,-0.92%
2004-06-24,3600674190,1.76%
2004-06-23,3538555350,3.64%
2004-06-22,3414317670,2.94%
2004-06-21,3316702350,-1.77%
2004-06-18,3376602660,
2004-06-17,3376602660,1.47%
2004-06-16,3327795000,-0.13%
2004-06-15,3332232060,0.47%
2004-06-14,3316702350,-0.66%
2004-06-10,3338887650,1.62%
2004-06-09,3285642930,-1.46%
2004-06-08,3334450590,0.54%
2004-06-07,3316702350,2.40%
2004-06-04,3239053800,3.99%
2004-06-03,3114816120,-2.50%
2004-06-02,3194683200,-1.17%
2004-06-01,3232398210,-1.09%
2004-05-28,3267894690,
2004-05-27,3267894690,1.59%
2004-05-26,3216868500,0.35%
2004-05-25,3205775850,2.99%
2004-05-24,3112597590,0.21%
2004-05-21,3105942000,1.38%
2004-05-20,3063789930,1.77%
2004-05-19,3010545210,1.27%
2004-05-18,2972830200,1.82%
2004-05-17,2919585480,-2.59%
2004-05-14,2997234030,-0.59%
2004-05-13,3014982270,-0.44%
2004-05-12,3028293450,-1.02%
2004-05-11,3059352870,-0.07%
2004-05-10,3061571400,-4.43%
2004-05-07,3203557320,-0.76%
2004-05-06,3227961150,-1.36%
2004-05-05,3272331750,-1.67%
2004-05-04,3327795000,1.49%
2004-05-03,3278987340,5.95%
2004-04-30,3094849350,-2.99%
2004-04-29,3190246140,-0.90%
2004-04-28,3219087030,-2.75%
2004-04-27,3310046760,-2.80%
2004-04-26,3405443550,0.20%
2004-04-23,3398787960,-1.98%
2004-04-22,3467562390,2.02%
2004-04-21,3398787960,2.75%
2004-04-20,3307828230,-0.60%
2004-04-19,3327795000,3.16%
2004-04-16,3225742620,1.11%
2004-04-15,3190246140,5.35%
2004-04-14,3028293450,-0.94%
2004-04-13,3057134340,-0.86%
2004-04-12,3083756700,-1.21%
2004-04-08,3121471710,1.96%
2004-04-07,3061571400,1.40%
2004-04-06,3019419330,2.72%
2004-04-05,2939552250,2.16%
2004-04-02,2877433410,0.86%
2004-04-01,2853029580,1.82%
2004-03-31,2802003390,1.41%
2004-03-30,2763104400,2.11%
2004-03-29,2706087960,1.90%
2004-03-26,2655650340,-0.66%
2004-03-25,2673193860,2.35%
2004-03-24,2611791540,-1.81%
2004-03-23,2660036220,-3.27%
2004-03-22,2749946760,-2.41%
2004-03-19,2817927900,-1.15%
2004-03-18,2850822000,-2.26%
2004-03-17,2916610200,1.14%
2004-03-16,2883716100,5.20%
2004-03-15,2741175000,-1.03%
2004-03-12,2769683220,-0.08%
2004-03-11,2771876160,-0.55%
2004-03-10,2787226740,-2.46%
2004-03-09,2857400820,-1.51%
2004-03-08,2901259620,-2.22%
2004-03-05,2967047820,-2.31%
2004-03-04,3037221900,5.40%
2004-03-03,2881523160,1.23%
2004-03-02,2846436120,7.01%
2004-03-01,2660036220,0.66%
2004-02-27,2642492700,1.69%
2004-02-26,2598633900,1.28%
2004-02-25,2565739800,1.30%
2004-02-24,2532845700,-3.27%
2004-02-23,2618370360,-0.33%
2004-02-20,2627142120,-1.32%
2004-02-19,2662229160,0.33%
2004-02-18,2653457400,-5.25%
2004-02-17,2800384380,4.16%
2004-02-13,2688544440,-0.65%
2004-02-12,2706087960,-0.48%
2004-02-11,2719245600,0.40%
2004-02-10,2708280900,-2.06%
2004-02-09,2765297340,0.32%
2004-02-06,2756525580,4.75%
2004-02-05,2631528000,2.56%
2004-02-04,2565739800,-4.57%
2004-02-03,2688544440,0.08%
2004-02-02,2686351500,-1.21%
2004-01-30,2719245600,3.77%
2004-01-29,2620563300,-1.57%
2004-01-28,2662229160,-3.04%
2004-01-27,2745560880,0.64%
2004-01-26,2728017360,-1.27%
2004-01-23,2763104400,1.45%
2004-01-22,2723631480,-0.24%
2004-01-21,2730210300,-1.97%
2004-01-20,2785033800,0.40%
2004-01-16,2774069100,0.80%
2004-01-15,2752139700,-0.40%
2004-01-14,2763104400,-2.93%
2004-01-13,2846436120,-0.54%
2004-01-12,2861786700,-0.38%
2004-01-09,2872751400,3.56%
2004-01-08,2774069100,4.29%
2004-01-07,2660036220,2.80%
2004-01-06,2587669200,2.16%
2004-01-05,2532845700,5.00%
2004-01-02,2412234000,-0.27%
2003-12-31,2418812820,0.36%
2003-12-30,2410041060,-0.99%
2003-12-29,2434163400,-0.89%
2003-12-26,2456092800,0.63%
2003-12-24,2440742220,-0.27%
2003-12-23,2447321040,1.45%
2003-12-22,2412234000,1.85%
2003-12-19,2368375200,-3.66%
2003-12-18,2458285740,
2003-12-17,2458285740,-0.36%
2003-12-16,2467057500,-1.75%
2003-12-15,2510916300,-2.14%
2003-12-12,2565739800,-2.50%
2003-12-11,2631528000,2.21%
2003-12-10,2574511560,-2.98%
2003-12-09,2653457400,-2.81%
2003-12-08,2730210300,-1.19%
2003-12-05,2763104400,0.64%
2003-12-04,2745560880,-1.80%
2003-12-03,2795998500,0.39%
2003-12-02,2785033800,0.40%
2003-12-01,2774069100,1.93%
2003-11-28,2721438540,1.89%
2003-11-26,2671000920,1.25%
2003-11-25,2638106820,-0.50%
2003-11-24,2651264460,1.60%
2003-11-21,2609598600,4.02%
2003-11-20,2508723360,-1.38%
2003-11-19,2543810400,-1.69%
2003-11-18,2587669200,1.72%
2003-11-17,2543810400,-2.44%
2003-11-14,2607405660,-2.78%
2003-11-13,2681965620,-1.77%
2003-11-12,2730210300,3.66%
2003-11-11,2633720940,-1.56%
2003-11-10,2675386800,-5.35%
2003-11-07,2826699660,3.37%
2003-11-06,2734596180,1.96%
2003-11-05,2681965620,-3.17%
2003-11-04,2769683220,0.32%
2003-11-03,2760911460,-0.55%
2003-10-31,2776262040,-0.31%
2003-10-30,2785033800,-2.01%
2003-10-29,2842050240,9.37%
2003-10-28,2598633900,2.86%
2003-10-27,2526266880,3.32%
2003-10-24,2445128100,-0.89%
2003-10-23,2467057500,-2.17%
2003-10-22,2521881000,-1.54%
2003-10-21,2561353920,2.19%
2003-10-20,2506530420,1.96%
2003-10-17,2458285740,-0.71%
2003-10-16,2475829260,
2003-10-15,2475829260,-0.09%
2003-10-14,2478022200,-0.70%
2003-10-13,2495565720,2.52%
2003-10-10,2434163400,-0.36%
2003-10-09,2442935160,1.46%
2003-10-08,2407848120,-0.27%
2003-10-07,2414426940,-0.18%
2003-10-06,2418812820,3.18%
2003-10-03,2344252860,2.79%
2003-10-02,2280657600,8.22%
2003-10-01,2107415339,2.13%
2003-09-30,2063556540,2.76%
2003-09-29,2008076670,-0.86%
2003-09-26,2025406350,-1.68%
2003-09-25,2060065710,-1.35%
2003-09-24,2088226440,-2.33%
2003-09-23,2138049269,2.92%
2003-09-22,2077395390,-4.00%
2003-09-19,2164043790,-2.54%
2003-09-18,2220365250,-2.94%
2003-09-17,2287517760,1.05%
2003-09-16,2263689450,2.45%
2003-09-15,2209534200,-0.68%
2003-09-12,2224697670,0.69%
2003-09-11,2209534200,-0.78%
2003-09-10,2226863880,-3.56%
2003-09-09,2309179860,-1.02%
2003-09-08,2333008170,-1.19%
2003-09-05,2361168900,-0.64%
2003-09-04,2376332370,0.18%
2003-09-03,2371999950,0.83%
2003-09-02,2352504060,1.02%
2003-08-29,2328675750,0.84%
2003-08-28,2309179860,0.19%
2003-08-27,2304847440,5.87%
2003-08-26,2177041050,-1.86%
2003-08-25,2218199040,-1.54%
2003-08-22,2252858400,-0.38%
2003-08-21,2261523240,0.38%
2003-08-20,2252858400,-0.57%
2003-08-19,2265855660,2.05%
2003-08-18,2220365250,1.59%
2003-08-15,2185705890,-0.59%
2003-08-14,2198703150,-5.58%
2003-08-13,2328675750,5.29%
2003-08-12,2211700410,3.55%
2003-08-11,2135883059,-0.30%
2003-08-08,2142381690,0.71%
2003-08-07,2127218220,-1.11%
2003-08-06,2151046530,2.37%
2003-08-05,2101223699,0.73%
2003-08-04,2086060230,
2003-08-01,2086060230,-2.73%
2003-07-31,2144547900,0.20%
2003-07-30,2140215480,-0.20%
2003-07-29,2144547900,-4.72%
2003-07-28,2250692190,4.74%
2003-07-25,2148880320,-0.70%
2003-07-24,2164043790,0.40%
2003-07-23,2155378950,2.05%
2003-07-22,2112054750,3.17%
2003-07-21,2047068449,-3.08%
2003-07-18,2112054750,
2003-07-17,2112054750,-4.13%
2003-07-16,2203035570,2.42%
2003-07-15,2151046530,-2.17%
2003-07-14,2198703150,3.68%
2003-07-11,2120719589,0.20%
2003-07-10,2116387170,-2.40%
2003-07-09,2168376210,1.62%
2003-07-08,2133716850,4.23%
2003-07-07,2047068449,3.85%
2003-07-03,1971251100,5.57%
2003-07-02,1867273019,10.51%
2003-07-01,1689643800,0.39%
2003-06-30,1683145170,0.56%
2003-06-27,1673759750,1.97%
2003-06-26,1641364400,-5.59%
2003-06-25,1738550450,2.55%
2003-06-24,1695356650,2.21%
2003-06-23,1658641920,-0.52%
2003-06-20,1667280680,2.39%
2003-06-19,1628406260,-5.28%
2003-06-18,1719113240,-2.93%
2003-06-17,1770945799,3.40%
2003-06-16,1712634170,-0.75%
2003-06-13,1725592310,-3.15%
2003-06-12,1781744250,3.00%
2003-06-11,1729911690,-1.23%
2003-06-10,1751508589,0.37%
2003-06-09,1745029520,-5.50%
2003-06-06,1846534950,-0.81%
2003-06-05,1861652779,-0.12%
2003-06-04,1863812470,3.48%
2003-06-03,1801181460,-0.12%
2003-06-02,1803341150,0.24%
2003-05-30,1799021770,1.59%
2003-05-29,1770945799,3.27%
2003-05-28,1714793860,4.47%
2003-05-27,1641364400,6.59%
2003-05-23,1539858970,2.44%
2003-05-22,1503144240,-1.42%
2003-05-21,1524741140,-4.34%
2003-05-20,1593851220,1.10%
2003-05-19,1576573700,3.84%
2003-05-16,1518262070,-4.35%
2003-05-15,1587372150,-0.41%
2003-05-14,1593851220,1.79%
2003-05-13,1565775250,-0.68%
2003-05-12,1576573700,1.67%
2003-05-09,1550657420,0.42%
2003-05-08,1544178350,-4.03%
2003-05-07,1608969050,3.47%
2003-05-06,1554976800,11.46%
2003-05-05,1395159740,-1.82%
2003-05-02,1421076020,7.87%
2003-05-01,1317410900,-4.24%
2003-04-30,1375722530,2.41%
2003-04-29,1343327180,-3.86%
2003-04-28,1397319430,0.15%
2003-04-25,1395159740,2.54%
2003-04-24,1360604700,-1.72%
2003-04-23,1384361290,3.39%
2003-04-22,1339007800,-0.80%
2003-04-21,1349806250,
2003-04-17,1349806250,1.13%
2003-04-16,1334688420,-4.92%
2003-04-15,1403798500,-1.37%
2003-04-14,1423235710,6.29%
2003-04-11,1339007800,2.99%
2003-04-10,1300133380,-2.75%
2003-04-09,1336848110,2.48%
2003-04-08,1304452760,-1.15%
2003-04-07,1319570590,4.27%
2003-04-04,1265578340,0.17%
2003-04-03,1263418650,-2.66%
2003-04-02,1297973690,3.62%
2003-04-01,1252620200,5.45%
2003-03-31,1187829500,3.89%
2003-03-28,1143368660,0.38%
2003-03-27,1139029500,
2003-03-26,1139029500,-1.32%
2003-03-25,1154216560,-3.27%
2003-03-24,1193269000,-3.34%
2003-03-21,1234491020,6.16%
2003-03-20,1162894880,2.10%
2003-03-19,1139029500,-2.78%
2003-03-18,1171573200,4.85%
2003-03-17,1117333700,4.89%
2003-03-14,1065263780,7.44%
2003-03-13,991498060,9.59%
2003-03-12,904714860,-4.36%
2003-03-11,945936880,-3.11%
2003-03-10,976311000,-3.23%
2003-03-07,1008854700,1.75%
2003-03-06,991498060,0.22%
2003-03-05,989328479,7.55%
2003-03-04,919901920,10.13%
2003-03-03,835288300,-0.77%
2003-02-28,841797040,1.31%
2003-02-27,830949140,-1.79%
2003-02-26,846136200,
2003-02-25,846136200,-7.14%
2003-02-24,911223600,-0.47%
2003-02-21,915562760,6.84%
2003-02-20,856984100,3.13%
2003-02-19,830949140,-2.54%
2003-02-18,852644940,4.52%
2003-02-14,815762080,7.43%
2003-02-13,759353000,2.94%
2003-02-12,737657200,1.49%
2003-02-11,726809300,0.30%
2003-02-10,724639720,-0.30%
2003-02-07,726809300,1.21%
2003-02-06,718130980,-0.60%
2003-02-05,722470140,-3.48%
2003-02-04,748505100,-3.90%
2003-02-03,778879220,-9.11%
2003-01-31,856984100,13.51%
2003-01-30,755013840,-8.90%
2003-01-29,828779560,10.09%
2003-01-28,752844260,6.44%
2003-01-27,707283080,-6.86%
2003-01-24,759353000,-7.16%
2003-01-23,817931660,-8.50%
2003-01-22,893866960,-0.96%
2003-01-21,902545280,-3.93%
2003-01-17,939428140,-9.22%
2003-01-16,1034889659,1.06%
2003-01-15,1024041760,2.61%
2003-01-14,998006799,9.26%
2003-01-13,913393180,-1.86%
2003-01-10,930749820,-1.15%
2003-01-09,941597720,7.69%
2003-01-08,874340740,-1.95%
2003-01-07,891697380,0.24%
2003-01-06,889527799,7.89%
2003-01-03,824440400,1.33%
2003-01-02,813592500,
2002-12-31,813592500,11.28%
2002-12-30,731148460,-0.88%
2002-12-27,737657200,-1.45%
2002-12-26,748505100,6.15%
2002-12-24,705113500,-4.41%
2002-12-23,737657200,4.62%
2002-12-20,705113500,4.84%
2002-12-19,672569800,-7.46%
2002-12-18,726809300,
2002-12-17,726809300,8.06%
2002-12-16,672569800,-7.46%
2002-12-13,726809300,-4.29%
2002-12-12,759353000,4.17%
2002-12-11,728978880,-0.59%
2002-12-10,733318040,1.20%
2002-12-09,724639720,-1.76%
2002-12-06,737657200,-0.29%
2002-12-05,739826780,-12.11%
2002-12-04,841797040,-4.20%
2002-12-03,878679900,-6.90%
2002-12-02,943767299,9.85%
2002-11-29,859153680,-1.00%
2002-11-27,867832000,8.11%
2002-11-26,802744600,2.78%
2002-11-25,781048800,2.86%
2002-11-22,759353000,-4.11%
2002-11-21,791896700,-1.35%
2002-11-20,802744600,-2.89%
2002-11-19,826609980,
2002-11-18,826609980,6.13%
2002-11-15,778879220,8.79%
2002-11-14,715961400,2.48%
2002-11-13,698604760,-4.17%
2002-11-12,728978880,9.45%
2002-11-11,666061060,-6.40%
2002-11-08,711622240,-6.02%
2002-11-07,757183420,4.49%
2002-11-06,724639720,2.77%
2002-11-05,705113500,-4.41%
2002-11-04,737657200,-11.92%
2002-11-01,837457880,10.29%
2002-10-31,759353000,2.94%
2002-10-30,737657200,19.30%
2002-10-29,618330300,5.17%
2002-10-28,587956180,-4.91%
2002-10-25,618330300,5.95%
2002-10-24,583617020,31.22%
2002-10-23,444763899,-1.44%
2002-10-22,451272640,-1.89%
2002-10-21,459950960,0.95%
2002-10-18,455611800,
2002-10-17,455611800,5.00%
2002-10-16,433916000,-0.50%
2002-10-15,436085579,5.79%
2002-10-14,412220200,-2.06%
2002-10-11,420898520,7.78%
2002-10-10,390524400,2.86%
2002-10-09,379676500,-12.94%
2002-10-08,436085579,2.55%
2002-10-07,425237680,1.55%
2002-10-04,418728940,-4.93%
2002-10-03,440424739,-2.87%
2002-10-02,453442219,-2.34%
2002-10-01,464290120,-1.38%
2002-09-30,470798860,-2.99%
2002-09-27,485309440,-5.49%
2002-09-26,513474720,12.32%
2002-09-25,457144160,11.64%
2002-09-24,409479840,-11.27%
2002-09-23,461477280,-8.19%
2002-09-20,502641919,-3.33%
2002-09-19,519974400,3.90%
2002-09-18,500475360,0.43%
2002-09-17,498308799,-7.63%
2002-09-16,539473440,-0.40%
2002-09-13,541640000,1.21%
2002-09-12,535140320,-0.40%
2002-09-11,537306880,
2002-09-10,537306880,-4.62%
2002-09-09,563305600,1.96%
2002-09-06,552472800,1.19%
2002-09-05,545973120,-3.08%
2002-09-04,563305600,4.00%
2002-09-03,541640000,8.70%
2002-08-30,498308799,8.49%
2002-08-29,459310720,0.47%
2002-08-28,457144160,-1.86%
2002-08-27,465810400,-4.44%
2002-08-26,487476000,2.27%
2002-08-23,476643200,-2.22%
2002-08-22,487476000,14.21%
2002-08-21,426812320,20.12%
2002-08-20,355315840,-5.75%
2002-08-19,376981440,18.37%
2002-08-16,318484320,14.84%
2002-08-15,277319680,5.79%
2002-08-14,262153760,0.83%
2002-08-13,259987200,17.65%
2002-08-12,220989120,-11.30%
2002-08-09,249154399,-38.83%
2002-08-08,407313280,-5.05%
2002-08-07,428978880,-11.21%
2002-08-06,483142880,7.21%
2002-08-05,450644480,-4.59%
2002-08-02,472310080,-7.23%
2002-08-01,509141600,2.17%
2002-07-31,498308799,-12.55%
2002-07-30,569805280,-6.07%
2002-07-29,606636800,
2002-07-26,606636800,19.15%
2002-07-25,509141600,-7.84%
2002-07-24,552472800,-7.94%
2002-07-23,600137120,-8.28%
2002-07-22,654301120,-2.58%
2002-07-19,671633600,-5.49%
2002-07-18,710631680,-8.89%
2002-07-17,779961600,0.56%
2002-07-16,775628480,5.29%
2002-07-15,736630400,1.49%
2002-07-12,725797600,-1.47%
2002-07-11,736630400,0.89%
2002-07-10,730130720,-4.26%
2002-07-09,762629120,-4.35%
2002-07-08,797294080,-3.16%
2002-07-05,823292800,2.98%
2002-07-03,799460640,-1.60%
2002-07-02,812460000,3.88%
2002-07-01,782128160,-9.91%
2002-06-28,868125210,-2.72%
2002-06-27,892423880,2.02%
2002-06-26,874752120,-5.26%
2002-06-25,923349459,3.21%
2002-06-24,894632850,-1.22%
2002-06-21,905677699,-1.20%
2002-06-20,916722550,1.47%
2002-06-19,903468730,
2002-06-18,903468730,-5.10%
2002-06-17,952066069,6.68%
2002-06-14,892423880,-9.01%
2002-06-13,980782680,7.25%
2002-06-12,914513579,3.50%
2002-06-11,883588000,-3.38%
2002-06-10,914513579,-1.43%
2002-06-07,927767400,
2002-06-06,927767400,
2002-06-05,927767400,-5.19%
2002-06-04,978573709,0.91%
2002-06-03,969737829,-2.44%
2002-05-31,994036500,-1.10%
2002-05-30,1005081350,2.02%
2002-05-29,985200620,-6.11%
2002-05-28,1049260750,1.50%
2002-05-24,1033797959,-1.47%
2002-05-23,1049260750,-1.66%
2002-05-22,1066932510,-0.21%
2002-05-21,1069141480,1.04%
2002-05-20,1058096630,-1.24%
2002-05-17,1071350449,6.36%
2002-05-16,1007290319,-6.37%
2002-05-15,1075768390,2.74%
2002-05-14,1047051780,2.16%
2002-05-13,1024962079,2.20%
2002-05-10,1002872380,-6.58%
2002-05-09,1073559420,-16.21%
2002-05-08,1281202600,3.76%
2002-05-07,1234814230,-4.12%
2002-05-06,1287829510,-2.83%
2002-05-03,1325382000,-1.64%
2002-05-02,1347471700,-10.95%
2002-05-01,1513144450,-6.16%
2002-04-30,1612548100,7.99%
2002-04-29,1493263720,0.15%
2002-04-26,1491054750,-0.74%
2002-04-25,1502099600,-0.73%
2002-04-24,1513144450,1.18%
2002-04-23,1495472690,3.04%
2002-04-22,1451293290,-6.14%
2002-04-19,1546279000,1.89%
2002-04-18,1517562390,-2.28%
2002-04-17,1552905910,4.15%
2002-04-16,1491054750,12.31%
2002-04-15,1327590970,1.01%
2002-04-12,1314337150,13.33%
2002-04-11,1159709250,-6.91%
2002-04-10,1245859080,-2.76%
2002-04-09,1281202600,2.29%
2002-04-08,1252485990,-1.39%
2002-04-05,1270157750,-0.17%
2002-04-04,1272366720,-1.54%
2002-04-03,1292247450,-4.10%
2002-04-02,1347471700,-3.33%
2002-04-01,1393860070,-3.90%
2002-03-28,1450366200,3.61%
2002-03-27,1399899600,-0.47%
2002-03-26,1406482200,-5.18%
2002-03-25,1483279200,-2.73%
2002-03-22,1524969000,0.43%
2002-03-21,1518386400,-1.14%
2002-03-20,1535940000,-0.71%
2002-03-19,1546911000,-6.13%
2002-03-18,1647844200,-1.18%
2002-03-15,1667592000,-4.88%
2002-03-14,1753165800,-0.12%
2002-03-13,1755360000,-4.19%
2002-03-12,1832157000,-7.12%
2002-03-11,1972585800,3.10%
2002-03-08,1913342400,-2.57%
2002-03-07,1963808999,2.76%
2002-03-06,1911148200,14.76%
2002-03-05,1665397800,-1.68%
2002-03-04,1693922400,-2.28%
2002-03-01,1733418000,27.21%
2002-02-28,1362598200,-1.43%
2002-02-27,1382346000,5.35%
2002-02-26,1312131600,2.05%
2002-02-25,1285801200,5.02%
2002-02-22,1224363600,-2.11%
2002-02-21,1250694000,-5.94%
2002-02-20,1329685200,2.71%
2002-02-19,1294578000,-1.67%
2002-02-15,1316520000,-2.44%
2002-02-14,1349433000,-12.39%
2002-02-13,1540328400,-0.57%
2002-02-12,1549105200,-4.34%
2002-02-11,1619319600,13.54%
2002-02-08,1426230000,-0.15%
2002-02-07,1428424200,10.34%
2002-02-06,1294578000,0.85%
2002-02-05,1283607000,-11.36%
2002-02-04,1448172000,-6.52%
2002-02-01,1549105200,-2.89%
2002-01-31,1595183400,2.83%
2002-01-30,1551299400,-1.81%
2002-01-29,1579824000,-5.51%
2002-01-28,1671980400,-2.18%
2002-01-25,1709281800,
2002-01-24,1709281800,4.85%
2002-01-23,1630290600,15.55%
2002-01-22,1410870600,-7.88%
2002-01-18,1531551600,-11.65%
2002-01-17,1733418000,-4.82%
2002-01-16,1821186000,-6.74%
2002-01-15,1952838000,
2002-01-14,1952838000,-3.26%
2002-01-11,2018663999,2.22%
2002-01-10,1974780000,-8.26%
2002-01-09,2152510200,-2.29%
2002-01-08,2202976800,-7.29%
2002-01-07,2376318600,-2.87%
2002-01-04,2446533000,-2.96%
2002-01-03,2521135800,4.45%
2002-01-02,2413620000,3.00%
2001-12-31,2343405600,-0.28%
2001-12-28,2349988200,3.48%
2001-12-27,2270997000,2.27%
2001-12-26,2220530400,2.74%
2001-12-24,2161287000,2.60%
2001-12-21,2106432000,-4.10%
2001-12-20,2196394200,1.62%
2001-12-19,2161287000,-4.83%
2001-12-18,2270997000,2.99%
2001-12-17,2205171000,6.91%
2001-12-14,2062548000,1.18%
2001-12-13,2038411799,2.09%
2001-12-12,1996722000,-5.41%
2001-12-11,2110820399,-3.51%
2001-12-10,2187617400,-2.83%
2001-12-07,2251249200,-5.44%
2001-12-06,2380707000,-1.36%
2001-12-05,2413620000,2.42%
2001-12-04,2356570800,1.32%
2001-12-03,2325852000,-2.66%
2001-11-30,2389483800,-4.47%
2001-11-29,2501388000,
2001-11-28,2501388000,-5.00%
2001-11-27,2633040000,3.45%
2001-11-26,2545272000,-0.34%
2001-11-23,2554048800,2.28%
2001-11-21,2496999600,-4.45%
2001-11-20,2613292200,-1.98%
2001-11-19,2665953000,5.47%
2001-11-16,2527718400,3.41%
2001-11-15,2444338800,1.09%
2001-11-14,2418008400,3.86%
2001-11-13,2328046200,6.10%
2001-11-12,2194200000,-2.44%
2001-11-09,2249055000,-0.97%
2001-11-08,2270997000,-0.86%
2001-11-07,2290744800,-5.09%
2001-11-06,2413620000,-8.10%
2001-11-05,2626457400,-0.42%
2001-11-02,2637428400,2.39%
2001-11-01,2575990800,0.34%
2001-10-31,2567214000,3.82%
2001-10-30,2472863400,-5.69%
2001-10-29,2622069000,-1.65%
2001-10-26,2665953000,6.11%
2001-10-25,2512359000,0.70%
2001-10-24,2494805400,-1.81%
2001-10-23,2540883600,-0.60%
2001-10-22,2556243000,-0.51%
2001-10-19,2569408200,6.55%
2001-10-18,2411425800,1.76%
2001-10-17,2369736000,0.47%
2001-10-16,2358765000,2.38%
2001-10-15,2303910000,-4.72%
2001-10-12,2418008400,-6.61%
2001-10-11,2589156000,11.74%
2001-10-10,2317075200,5.49%
2001-10-09,2196394200,7.63%
2001-10-08,2040606000,-2.92%
2001-10-05,2102043600,-2.34%
2001-10-04,2152510200,7.33%
2001-10-03,2005498800,-2.77%
2001-10-02,2062548000,5.86%
2001-10-01,1948449600,0.70%
2001-09-28,1934874000,13.78%
2001-09-27,1700539260,-1.62%
2001-09-26,1728487439,-7.59%
2001-09-25,1870378199,-2.25%
2001-09-24,1913375400,5.95%
2001-09-21,1805882400,1.94%
2001-09-20,1771484640,-5.29%
2001-09-19,1870378199,-4.81%
2001-09-18,1964972040,1.56%
2001-09-17,1934874000,
2001-09-10,1934874000,1.69%
2001-09-07,1902626100,6.63%
2001-09-06,1784383800,-6.74%
2001-09-05,1913375400,-9.64%
2001-09-04,2117612100,-3.34%
2001-08-31,2190707340,2.83%
2001-08-30,2130511260,-0.90%
2001-08-29,2149860000,
2001-08-28,2149860000,-3.29%
2001-08-27,2222955240,13.88%
2001-08-24,1952072880,8.61%
2001-08-23,1797282959,10.44%
2001-08-22,1627444020,0.80%
2001-08-21,1614544860,-2.47%
2001-08-20,1655392200,-3.75%
2001-08-17,1719888000,-2.44%
2001-08-16,1762885199,-6.29%
2001-08-15,1881127500,-6.91%
2001-08-14,2020868400,-1.98%
2001-08-13,2061715740,-0.62%
2001-08-10,2074614900,2.22%
2001-08-09,2029467840,-3.08%
2001-08-08,2093963640,1.99%
2001-08-07,2053116300,-1.55%
2001-08-06,2085364199,2.00%
2001-08-03,2044516860,2.81%
2001-08-02,1988620500,8.82%
2001-08-01,1827381000,-12.82%
2001-07-31,2096113500,-1.42%
2001-07-30,2126211540,2.17%
2001-07-27,2081064480,-1.93%
2001-07-26,2121911819,0.10%
2001-07-25,2119761959,-0.90%
2001-07-24,2139110699,-4.78%
2001-07-23,2246603700,-4.91%
2001-07-20,2362696140,4.17%
2001-07-19,2268102300,-17.06%
2001-07-18,2734621920,-2.60%
2001-07-17,2807717160,-0.76%
2001-07-16,2829215760,-7.65%
2001-07-13,3063550500,4.86%
2001-07-12,2921659740,2.18%
2001-07-11,2859313800,-5.54%
2001-07-10,3027002880,-3.83%
2001-07-09,3147395040,0.97%
2001-07-06,3117297000,-5.91%
2001-07-05,3312934260,-2.65%
2001-07-03,3403228380,-0.75%
2001-07-02,3429026700,-2.32%
2001-06-29,3510567599,10.07%
2001-06-28,3189479100,6.05%
2001-06-27,3007528950,-2.43%
2001-06-26,3082449600,1.41%
2001-06-25,3039637800,1.57%
2001-06-22,2992544820,-1.62%
2001-06-21,3041778390,-1.25%
2001-06-20,3080309010,7.39%
2001-06-19,2868390600,-2.55%
2001-06-18,2943311250,-3.85%
2001-06-15,3061043700,-4.67%
2001-06-14,3210885000,-5.18%
2001-06-13,3386413380,-0.50%
2001-06-12,3403538100,-3.93%
2001-06-11,3542676235,-0.06%
2001-06-08,3544816825,-0.24%
2001-06-07,3553379400,1.84%
2001-06-06,3489161485,0.12%
2001-06-05,3484880734,
2001-06-04,3484880734,1.43%
2001-06-01,3435646735,-3.31%
2001-05-31,3553379400,3.49%
2001-05-30,3433506574,-1.90%
2001-05-29,3499864650,-3.99%
2001-05-25,3645424984,-1.28%
2001-05-24,3692517750,1.47%
2001-05-23,3639003000,-3.41%
2001-05-22,3767438400,0.86%
2001-05-21,3735329764,-1.69%
2001-05-18,3799547250,-4.67%
2001-05-17,3985778794,0.65%
2001-05-16,3960091500,0.65%
2001-05-15,3934404205,-1.97%
2001-05-14,4013606250,-1.21%
2001-05-11,4062839820,-2.16%
2001-05-10,4152744599,-3.91%
2001-05-09,4321851424,-0.05%
2001-05-08,4323992014,-7.55%
2001-05-07,4677189150,-2.46%
2001-05-04,4794921600,-1.84%
2001-05-03,4884826380,-3.88%
2001-05-02,5081760660,-0.04%
2001-05-01,5083901250,-3.02%
2001-04-30,5242304910,3.95%
2001-04-27,5043229825,4.43%
2001-04-26,4829170825,4.93%
2001-04-25,4602268500,5.24%
2001-04-24,4373225370,-4.08%
2001-04-23,4559456485,-5.29%
2001-04-20,4814186910,-4.13%
2001-04-19,5021823925,2.58%
2001-04-18,4895529544,13.56%
2001-04-17,4311148045,6.00%
2001-04-16,4067121000,-4.95%
2001-04-12,4279039409,3.79%
2001-04-11,4122776340,6.12%
2001-04-10,3885170849,20.92%
2001-04-09,3213025590,7.21%
2001-04-06,2996826000,-3.86%
2001-04-05,3117234187,18.27%
2001-04-04,2635601437,3.14%
2001-04-03,2555329312,-15.49%
2001-04-02,3023583375,-3.35%
2001-03-30,3128325937,-4.44%
2001-03-29,3273522500,-1.59%
2001-03-28,3326321250,-9.03%
2001-03-27,3656313437,13.52%
2001-03-26,3220723750,0.83%
2001-03-23,3194324375,3.86%
2001-03-22,3075527187,-2.92%
2001-03-21,3167925000,-9.77%
2001-03-20,3511116875,-4.32%
2001-03-19,3669513125,4.51%
2001-03-16,3511116875,-2.21%
2001-03-15,3590315000,0.37%
2001-03-14,3577115312,-10.26%
2001-03-13,3986305625,-8.48%
2001-03-12,4355896875,-11.53%
2001-03-09,4923483437,-2.10%
2001-03-08,5029080937,-4.27%
2001-03-07,5253475625,-1.73%
2001-03-06,5345873437,1.25%
2001-03-05,5279875000,
2001-03-02,5279875000,0.25%
2001-03-01,5266675312,-0.75%
2001-02-28,5306274375,0.50%
2001-02-27,5279875000,-1.72%
2001-02-26,5372272812,4.63%
2001-02-23,5134678437,-1.52%
2001-02-22,5213876562,1.54%
2001-02-21,5134678437,1.57%
2001-02-20,5055480312,-8.81%
2001-02-16,5543868750,2.69%
2001-02-15,5398672187,-3.76%
2001-02-14,5609867187,-1.39%
2001-02-13,5689065312,1.65%
2001-02-12,5596667500,3.92%
2001-02-09,5385472500,-7.69%
2001-02-08,5834261875,-2.21%
2001-02-07,5966258750,4.87%
2001-02-06,5689065312,1.65%
2001-02-05,5596667500,-5.15%
2001-02-02,5900260312,-2.40%
2001-02-01,6045456875,2.46%
2001-01-31,5900260312,-5.10%
2001-01-30,6217052812,-0.21%
2001-01-29,6230252500,2.39%
2001-01-26,6085055937,6.47%
2001-01-25,5715464687,0.23%
2001-01-24,5702265000,-0.92%
2001-01-23,5755063750,3.32%
2001-01-22,5570268125,-1.17%
2001-01-19,5636266562,0.71%
2001-01-18,5596667500,
2001-01-17,5596667500,1.92%
2001-01-16,5491070000,-2.80%
2001-01-12,5649466250,-9.70%
2001-01-11,6256651875,7.73%
2001-01-10,5807862500,-0.45%
2001-01-09,5834261875,3.51%
2001-01-08,5636266562,2.40%
2001-01-05,5504269687,-11.65%
2001-01-04,6230252500,5.12%
2001-01-03,5926659687,9.51%
2001-01-02,5411871875,11.98%
2000-12-29,4833037750,2.61%
2000-12-28,4710258500,1.20%
2000-12-27,4654449750,
2000-12-26,4654449750,-3.02%
2000-12-22,4799552500,18.46%
2000-12-21,4051715250,-2.94%
2000-12-20,4174494500,1.63%
2000-12-19,4107524000,-7.30%
2000-12-18,4431214750,-2.70%
2000-12-15,4553994000,-3.77%
2000-12-14,4732582000,-0.70%
2000-12-13,4766067250,0.95%
2000-12-12,4721420250,-2.76%
2000-12-11,4855361250,-5.23%
2000-12-08,5123243250,27.86%
2000-12-07,4007068250,-6.75%
2000-12-06,4297273750,-1.79%
2000-12-05,4375406000,6.81%
2000-12-04,4096362250,-4.43%
2000-12-01,4286112000,0.79%
2000-11-30,4252626750,-0.26%
2000-11-29,4263788500,-3.54%
2000-11-28,4420053000,-7.04%
2000-11-27,4754905500,5.97%
2000-11-24,4487023500,2.55%
2000-11-22,4375406000,-6.89%
2000-11-21,4699096750,-4.97%
2000-11-20,4944655250,-4.53%
2000-11-17,5179052000,-6.45%
2000-11-16,5536228000,0.40%
2000-11-15,5513904500,3.35%
2000-11-14,5335316500,8.39%
2000-11-13,4922331750,-4.34%
2000-11-10,5145566750,-2.12%
2000-11-09,5257184250,-3.29%
2000-11-08,5435772250,-1.81%
2000-11-07,5536228000,0.40%
2000-11-06,5513904500,2.07%
2000-11-03,5402287000,-0.21%
2000-11-02,5413448750,1.25%
2000-11-01,5346478250,-1.24%
2000-10-31,5413448750,7.54%
2000-10-30,5033949250,-1.10%
2000-10-27,5089758000,12.94%
2000-10-26,4506556562,-0.06%
2000-10-25,4509347000,-7.13%
2000-10-24,4855361250,3.57%
2000-10-23,4687935000,7.42%
2000-10-20,4364244250,1.30%
2000-10-19,4308435500,6.93%
2000-10-18,4029391750,-7.44%
2000-10-17,4353082500,-7.80%
2000-10-16,4721420250,2.92%
2000-10-13,4587479250,5.12%
2000-10-12,4364244250,-4.87%
2000-10-11,4587479250,0.49%
2000-10-10,4565155750,-1.45%
2000-10-09,4632126250,-3.94%
2000-10-06,4821876000,-1.14%
2000-10-05,4877684750,-3.74%
2000-10-04,5067434500,-0.66%
2000-10-03,5100919750,-4.39%
2000-10-02,5335316500,-10.43%
2000-09-29,5956638187,7.11%
2000-09-28,5561127000,5.45%
2000-09-27,5273482500,-4.14%
2000-09-26,5501201062,2.46%
2000-09-25,5369364000,11.44%
2000-09-22,4818045375,-3.37%
2000-09-21,4985838000,-7.14%
2000-09-20,5369364000,-4.88%
2000-09-19,5645023312,0.11%
2000-09-18,5639030718,-2.99%
2000-09-15,5812815937,-5.83%
2000-09-14,6172371562,-3.38%
2000-09-13,6388104937,1.33%
2000-09-12,6304208625,3.34%
2000-09-11,6100460437,0.99%
2000-09-08,6040534500,-3.26%
2000-09-07,6244282687,-3.70%
2000-09-06,6483986437,
2000-09-05,6483986437,-3.05%
2000-09-01,6687734625,0.54%
2000-08-31,6651779062,-1.77%
2000-08-30,6771630937,-2.08%
2000-08-29,6915453187,0.17%
2000-08-28,6903468000,-1.71%
2000-08-25,7023319875,0.51%
2000-08-24,6987364312,0.17%
2000-08-23,6975379125,-0.68%
2000-08-22,7023319875,-3.30%
2000-08-21,7263023625,-1.78%
2000-08-18,7394860687,2.15%
2000-08-17,7239053250,
2000-08-16,7239053250,0.17%
2000-08-15,7227068062,0.33%
2000-08-14,7203097687,1.01%
2000-08-11,7131186562,1.15%
2000-08-10,7050286546,5.80%
2000-08-09,6663764250,-1.42%
2000-08-08,6759645750,-8.14%
2000-08-07,7358905125,5.18%
2000-08-04,6996353203,1.17%
2000-08-03,6915453187,1.94%
2000-08-02,6783616125,0.35%
2000-08-01,6759645750,3.68%
2000-07-31,6519942000,0.74%
2000-07-28,6472001250,12.50%
2000-07-27,5752890000,-4.57%
2000-07-26,6028549312,-3.45%
2000-07-25,6244282687,-2.80%
2000-07-24,6424060500,-1.83%
2000-07-21,6543912375,-5.70%
2000-07-20,6939423562,6.43%
2000-07-19,6519942000,-8.72%
2000-07-18,7143171750,-2.93%
2000-07-17,7358905125,-2.85%
2000-07-14,7574638500,1.12%
2000-07-13,7490742187,0.48%
2000-07-12,7454786625,
2000-07-11,7454786625,2.47%
2000-07-10,7275008812,1.34%
2000-07-07,7179127312,3.99%
2000-07-06,6903468000,-3.19%
2000-07-05,7131186562,1.02%
2000-07-03,7059275437,0.86%
2000-06-30,6999349500,20.31%
2000-06-29,5817578125,0.18%
2000-06-28,5807226562,-2.60%
2000-06-27,5962500000,
2000-06-26,5962500000,1.05%
2000-06-23,5900390625,-1.04%
2000-06-22,5962500000,-1.71%
2000-06-21,6066015625,-0.51%
2000-06-20,6097070312,5.18%
2000-06-19,5796875000,0.54%
2000-06-16,5765820312,1.83%
2000-06-15,5662304687,-2.32%
2000-06-14,5796875000,-0.18%
2000-06-13,5807226562,0.18%
2000-06-12,5796875000,-0.18%
2000-06-09,5807226562,3.31%
2000-06-08,5620898437,-5.89%
2000-06-07,5972851562,0.35%
2000-06-06,5952148437,0.88%
2000-06-05,5900390625,15.85%
2000-06-02,5092968750,9.82%
2000-06-01,4637500000,6.92%
2000-05-31,4337304687,-3.01%
2000-05-30,4471875000,6.93%
2000-05-26,4182031250,1.76%
2000-05-25,4109570312,1.28%
2000-05-24,4057812500,-2.49%
2000-05-23,4161328125,-5.41%
2000-05-22,4399414062,-5.66%
2000-05-19,4663378906,-5.36%
2000-05-18,4927343750,-2.86%
2000-05-17,5072265625,-2.00%
2000-05-16,5175781250,5.04%
2000-05-15,4927343750,-0.42%
2000-05-12,4948046875,0.63%
2000-05-11,4916992187,-1.45%
2000-05-10,4989453125,-5.49%
2000-05-09,5279296875,-3.77%
2000-05-08,5486328125,-5.02%
2000-05-05,5776171875,-5.10%
2000-05-04,6086718750,11.36%
2000-05-03,5465625000,-11.11%
2000-05-02,6148828125,-1.82%
2000-05-01,6262695312,-1.47%
2000-04-28,6355859375,0.66%
2000-04-27,6314453125,0.99%
2000-04-26,6252343750,11.65%
2000-04-25,5600195312,
2000-04-24,5600195312,-0.37%
2000-04-20,5620898437,-4.57%
2000-04-19,5890039062,-1.22%
2000-04-18,5962500000,11.63%
2000-04-17,5341406250,-1.90%
2000-04-14,5444921875,-6.07%
2000-04-13,5796875000,4.28%
2000-04-12,5558789062,-8.67%
2000-04-11,6086718750,-7.69%
2000-04-10,6593945312,3.41%
2000-04-07,6376562500,-2.22%
2000-04-06,6521484375,11.31%
2000-04-05,5858984375,3.28%
2000-04-04,5672656250,2.24%
2000-04-03,5548437500,-11.55%
2000-03-31,6273046875,9.89%
2000-03-30,5708376000,-4.95%
2000-03-29,6005687250,-1.62%
2000-03-28,6104791000,-3.60%
2000-03-27,6332729625,-4.05%
2000-03-24,6600309750,-1.48%
2000-03-23,6699413500,0.90%
2000-03-22,6639951250,5.35%
2000-03-21,6302998500,-0.62%
2000-03-20,6342640000,-1.23%
2000-03-17,6421923000,0.47%
2000-03-16,6392191875,0.62%
2000-03-15,6352550375,-2.29%
2000-03-14,6501206000,-1.20%
2000-03-13,6580489000,
2000-03-10,6580489000,1.68%
2000-03-09,6471474875,2.67%
2000-03-08,6302998500,-0.78%
2000-03-07,6352550375,-1.54%
2000-03-06,6451654125,-4.12%
2000-03-03,6729144625,6.09%
2000-03-02,6342640000,19.85%
2000-03-01,5292140250,3.49%
2000-02-29,5113753500,2.79%
2000-02-28,4975008250,-5.28%
2000-02-25,5252498750,3.11%
2000-02-24,5093932750,0.98%
2000-02-23,5044380875,-5.21%
2000-02-22,5321871375,2.48%
2000-02-18,5193036500,-2.78%
2000-02-17,5341692125,-1.10%
2000-02-16,5401154375,-4.72%
2000-02-15,5668734500,-3.21%
2000-02-14,5857031625,-5.21%
2000-02-11,6179118812,-2.43%
2000-02-10,6332729625,18.11%
2000-02-09,5361512875,4.44%
2000-02-08,5133574250,2.37%
2000-02-07,5014649750,-1.46%
2000-02-04,5088977562,-2.93%
2000-02-03,5242588375,-0.56%
2000-02-02,5272319500,4.31%
2000-02-01,5054291250,0.79%
2000-01-31,5014649750,-4.53%
2000-01-28,5252498750,0.76%
2000-01-27,5212857250,-3.31%
2000-01-26,5391244000,0.74%
2000-01-25,5351602500,-1.10%
2000-01-24,5411064750,10.08%
2000-01-21,4915546000,2.69%
2000-01-20,4786711125,0.63%
2000-01-19,4756980000,-0.21%
2000-01-18,4766890375,4.11%
2000-01-14,4578593250,-3.75%
2000-01-13,4756980000,
2000-01-12,4756980000,-1.44%
2000-01-11,4826352625,-4.70%
2000-01-10,5064201625,4.71%
2000-01-07,4836263000,5.17%
2000-01-06,4598414000,-3.53%
2000-01-05,4766890375,-1.43%
2000-01-04,4836263000,-0.10%
2000-01-03,4841218187,-4.96%
1999-12-31,5093932750,3.42%
1999-12-30,4925456375,1.64%
1999-12-29,4846173375,-5.60%
1999-12-28,5133574250,2.37%
1999-12-27,5014649750,3.69%
1999-12-23,4836263000,-3.37%
1999-12-22,5004739375,10.50%
1999-12-21,4529041375,8.55%
1999-12-20,4172267875,-1.17%
1999-12-17,4221819750,7.85%
1999-12-16,3914598125,-8.56%
1999-12-15,4281282000,-1.14%
1999-12-14,4330833875,9.25%
1999-12-13,3964150000,4.17%
1999-12-10,3805584000,5.79%
1999-12-09,3597466125,3.13%
1999-12-08,3488452000,-0.85%
1999-12-07,3518183125,4.41%
1999-12-06,3369527500,-8.60%
1999-12-03,3686659500,11.38%
1999-12-02,3310065250,3.09%
1999-12-01,3210961500,-3.86%
1999-11-30,3339796375,4.66%
1999-11-29,3191140750,0.63%
1999-11-26,3171320000,
1999-11-24,3171320000,2.56%
1999-11-23,3092037000,-1.58%
1999-11-22,3141588875,-0.94%
1999-11-19,3171320000,0.95%
1999-11-18,3141588875,3.93%
1999-11-17,3022664375,
1999-11-16,3022664375,-0.97%
1999-11-15,3052395500,0.98%
1999-11-12,3022664375,-8.13%
1999-11-11,3290244500,-1.78%
1999-11-10,3349706750,-5.32%
1999-11-09,3538003875,-4.55%
1999-11-08,3706480250,15.79%
1999-11-05,3201051125,12.15%
1999-11-04,2854188000,0.35%
1999-11-03,2844277625,-1.03%
1999-11-02,2874008750,-7.94%
1999-11-01,3121768125,2.27%
1999-10-29,3052395500,-3.90%
1999-10-28,3176275187,4.40%
1999-10-27,3042485125,3.02%
1999-10-26,2953291750,1.71%
1999-10-25,2903739875,-0.68%
1999-10-22,2923560625,2.08%
1999-10-21,2864098375,
1999-10-20,2864098375,0.70%
1999-10-19,2844277625,5.13%
1999-10-18,2705532375,-2.50%
1999-10-15,2774905000,3.70%
1999-10-14,2675801250,0.37%
1999-10-13,2665890875,-5.94%
1999-10-12,2834367250,-4.35%
1999-10-11,2963202125,0.34%
1999-10-08,2953291750,2.05%
1999-10-07,2893829500,-1.68%
1999-10-06,2943381375,2.06%
1999-10-05,2883919125,-1.36%
1999-10-04,2923560625,0.34%
1999-10-01,2913650250,-1.84%
1999-09-30,2968157312,8.85%
1999-09-29,2726739124,-1.00%
1999-09-28,2754374993,-2.29%
1999-09-27,2818858689,-1.92%
1999-09-24,2874130428,-2.19%
1999-09-23,2938614123,4.59%
1999-09-22,2809646732,-0.65%
1999-09-21,2828070645,0.33%
1999-09-20,2818858689,-2.24%
1999-09-17,2883342384,0.64%
1999-09-16,2864918471,-1.89%
1999-09-15,2920190210,1.93%
1999-09-14,2864918471,1.30%
1999-09-13,2828070645,-2.23%
1999-09-10,2892554341,1.95%
1999-09-09,2837282602,0.65%
1999-09-08,2818858689,0.99%
1999-09-07,2791222819,5.21%
1999-09-03,2653043472,5.88%
1999-09-02,2505652168,9.68%
1999-09-01,2284565212,2.48%
1999-08-31,2229293473,-3.59%
1999-08-30,2312201081,2.87%
1999-08-27,2247717386,-10.95%
1999-08-26,2524076081,3.01%
1999-08-25,2450380429,-4.32%
1999-08-24,2560923907,
1999-08-23,2560923907,-0.71%
1999-08-20,2579347820,-0.36%
1999-08-19,2588559776,3.69%
1999-08-18,2496440211,-5.24%
1999-08-17,2634619559,5.93%
1999-08-16,2487228255,-3.57%
1999-08-13,2579347820,-0.71%
1999-08-12,2597771733,-1.05%
1999-08-11,2625407602,3.26%
1999-08-10,2542499994,-6.12%
1999-08-09,2708315211,-1.01%
1999-08-06,2735951080,-3.26%
1999-08-05,2828070645,-12.78%
1999-08-04,3242608688,-3.56%
1999-08-03,3362364122,-3.69%
1999-08-02,3491331513,12.46%
1999-07-30,3104429340,-7.92%
1999-07-29,3371576079,0.27%
1999-07-28,3362364122,-1.88%
1999-07-27,3426847818,-4.12%
1999-07-26,3574239122,0.52%
1999-07-23,3555815209,1.85%
1999-07-22,3491331513,-4.77%
1999-07-21,3666358687,2.84%
1999-07-20,3565027165,-2.52%
1999-07-19,3657146730,3.39%
1999-07-16,3537391296,2.67%
1999-07-15,3445271731,-6.50%
1999-07-14,3684782600,11.73%
1999-07-13,3297880427,5.92%
1999-07-12,3113641297,5.30%
1999-07-09,2957038036,0.63%
1999-07-08,2938614123,2.57%
1999-07-07,2864918471,-5.18%
1999-07-06,3021521732,-3.81%
1999-07-02,3141277166,-0.29%
1999-07-01,3150489123,2.70%
1999-06-30,3067581514,24.26%
1999-06-29,2468750000,6.04%
1999-06-28,2328125000,8.36%
1999-06-25,2148437500,-4.51%
1999-06-24,2250000000,-5.88%
1999-06-23,2390625000,3.73%
1999-06-22,2304687500,-4.53%
1999-06-21,2414062500,-2.22%
1999-06-18,2468750000,-0.32%
1999-06-17,2476562500,2.26%
1999-06-16,2421875000,6.16%
1999-06-15,2281250000,1.39%
1999-06-14,2250000000,-4.64%
1999-06-11,2359375000,-0.66%
1999-06-10,2375000000,-1.94%
1999-06-09,2421875000,2.31%
1999-06-08,2367187500,-0.98%
1999-06-07,2390625000,-3.16%
1999-06-04,2468750000,7.12%
1999-06-03,2304687500,3.15%
1999-06-02,2234375000,-3.70%
1999-06-01,2320312500,-7.76%
1999-05-28,2515625000,8.05%
1999-05-27,2328125000,-1.97%
1999-05-26,2375000000,-2.25%
1999-05-25,2429687500,-2.20%
1999-05-24,2484375000,-0.62%
1999-05-21,2500000000,-3.32%
1999-05-20,2585937500,-1.49%
1999-05-19,2625000000,0.90%
1999-05-18,2601562500,2.15%
1999-05-17,2546875000,4.49%
1999-05-14,2437500000,-1.89%
1999-05-13,2484375000,8.90%
1999-05-12,2281250000,0.34%
1999-05-11,2273437500,-3.96%
1999-05-10,2367187500,-7.34%
1999-05-07,2554687500,-0.61%
1999-05-06,2570312500,0.92%
1999-05-05,2546875000,1.56%
1999-05-04,2507812500,5.59%
1999-05-03,2375000000,-0.65%
1999-04-30,2390625000,2.00%
1999-04-29,2343750000,-3.85%
1999-04-28,2437500000,1.63%
1999-04-27,2398437500,0.99%
1999-04-26,2375000000,1.33%
1999-04-23,2343750000,1.69%
1999-04-22,2304687500,1.37%
1999-04-21,2273437500,7.18%
1999-04-20,2121093750,-0.91%
1999-04-19,2140625000,
1999-04-16,2140625000,-2.84%
1999-04-15,2203125000,-2.08%
1999-04-14,2250000000,-1.37%
1999-04-13,2281250000,0.34%
1999-04-12,2273437500,-0.34%
1999-04-09,2281250000,-0.17%
1999-04-08,2285156250,1.04%
1999-04-07,2261718750,0.87%
1999-04-06,2242187500,-1.03%
1999-04-05,2265625000,-4.61%
1999-04-01,2375000000,5.56%
1999-03-31,2250000000,34.53%
1999-03-30,1672500006,-2.04%
1999-03-29,1707343756,2.08%
1999-03-26,1672500006,-0.69%
1999-03-25,1684114589,-1.36%
1999-03-24,1707343756,0.68%
1999-03-23,1695729172,-3.63%
1999-03-22,1759609381,0.33%
1999-03-19,1753802089,-1.95%
1999-03-18,1788645839,-3.30%
1999-03-17,1849622402,-0.47%
1999-03-16,1858333340,0.31%
1999-03-15,1852526048,7.41%
1999-03-12,1724765631,2.77%
1999-03-11,1678307297,-0.34%
1999-03-10,1684114589,-6.45%
1999-03-09,1800260423,2.65%
1999-03-08,1753802089,1.34%
1999-03-05,1730572922,2.76%
1999-03-04,1684114589,5.84%
1999-03-03,1591197922,
1999-03-02,1591197922,-0.72%
1999-03-01,1602812505,1.47%
1999-02-26,1579583339,-11.11%
1999-02-25,1777031256,0.99%
1999-02-24,1759609381,0.33%
1999-02-23,1753802089,-0.33%
1999-02-22,1759609381,1.68%
1999-02-19,1730572922,-0.67%
1999-02-18,1742187506,2.04%
1999-02-17,1707343756,-3.29%
1999-02-16,1765416673,1.33%
1999-02-12,1742187506,-4.76%
1999-02-11,1829296881,-6.25%
1999-02-10,1951250007,-0.59%
1999-02-09,1962864590,-2.87%
1999-02-08,2020937507,
1999-02-05,2020937507,
1999-02-04,2020937507,0.58%
1999-02-03,2009322923,-1.14%
1999-02-02,2032552090,1.45%
1999-02-01,2003515632,-0.29%
1999-01-29,2009322923,1.17%
1999-01-28,1986093757,-0.87%
1999-01-27,2003515632,0.29%
1999-01-26,1997708340,-0.58%
1999-01-25,2009322923,8.13%
1999-01-22,1858333340,-6.98%
1999-01-21,1997708340,-5.49%
1999-01-20,2113854174,2.82%
1999-01-19,2055781257,1.72%
1999-01-15,2020937507,3.88%
1999-01-14,1945442715,3.40%
1999-01-13,1881562506,-3.57%
1999-01-12,1951250007,-4.00%
1999-01-11,2032552090,-2.37%
1999-01-08,2081914069,-0.42%
1999-01-07,2090625007,8.43%
1999-01-06,1928020840,4.08%
1999-01-05,1852526048,-5.34%
1999-01-04,1957057298,-10.37%
1998-12-31,2183541674,146.02%
1998-12-30,887563250,
1998-12-29,887563250,4.38%
1998-12-28,850360000,11.11%
1998-12-24,765324000,-2.70%
1998-12-23,786583000,3.32%
1998-12-22,761337937,-3.21%
1998-12-21,786583000,8.82%
1998-12-18,722806000,-0.37%
1998-12-17,725463375,1.11%
1998-12-16,717491250,5.68%
1998-12-15,678959312,4.71%
1998-12-14,648399500,-4.31%
1998-12-11,677630625,-5.90%
1998-12-10,720148625,-3.90%
1998-12-09,749379750,16.05%
1998-12-08,645742125,-3.19%
1998-12-07,667001125,-4.20%
1998-12-04,696232250,20.18%
1998-12-03,579307750,2.35%
1998-12-02,566020875,
1998-12-01,566020875,-0.93%
1998-11-30,571335625,3.86%
1998-11-27,550076625,7.81%
1998-11-25,510216000,6.08%
1998-11-24,480984875,-2.69%
1998-11-23,494271750,9.41%
1998-11-20,451753750,-2.30%
1998-11-19,462383250,-8.90%
1998-11-18,507558625,1.60%
1998-11-17,499586500,2.17%
1998-11-16,488957000,-2.65%
1998-11-13,502243875,-5.50%
1998-11-12,531475000,-1.96%
1998-11-11,542104500,-1.92%
1998-11-10,552734000,-1.89%
1998-11-09,563363500,
1998-11-06,563363500,
1998-11-05,563363500,6.00%
1998-11-04,531475000,-1.96%
1998-11-03,542104500,-0.97%
1998-11-02,547419250,
1998-10-30,547419250,7.29%
1998-10-29,510216000,-5.88%
1998-10-28,542104500,2.51%
1998-10-27,528817625,-2.45%
1998-10-26,542104500,-1.92%
1998-10-23,552734000,13.66%
1998-10-22,486299625,14.37%
1998-10-21,425180000,6.67%
1998-10-20,398606250,9.49%
1998-10-19,364060375,8.73%
1998-10-16,334829250,4.13%
1998-10-15,321542375,-0.82%
1998-10-14,324199750,8.93%
1998-10-13,297626000,12.00%
1998-10-12,265737500,
1998-10-09,265737500,-0.99%
1998-10-08,268394875,-19.20%
1998-10-07,332171875,-6.72%
1998-10-06,356088250,4.69%
1998-10-05,340144000,-9.86%
1998-10-02,377347250,
1998-10-01,377347250,-7.79%
1998-09-30,409235750,413.93%
1998-09-29,79628160,1.67%
1998-09-28,78322781,
1998-09-25,78322781,3.45%
1998-09-24,75712021,8.21%
1998-09-23,69968351,4.69%
1998-09-22,66835440,14.29%
1998-09-21,58481010,-15.15%
1998-09-18,68924047,-0.38%
1998-09-17,69185123,5.16%
1998-09-16,65791136,-10.00%
1998-09-15,73101262,-2.78%
1998-09-14,75189870,
1998-09-11,75189870,-2.70%
1998-09-10,77278477,-2.63%
1998-09-09,79367085,-3.80%
1998-09-08,82499996,17.91%
1998-09-04,69968351,-4.29%
1998-09-03,73101262,-8.50%
1998-09-02,79889236,12.50%
1998-09-01,71012655,4.62%
1998-08-31,67879743,-18.75%
1998-08-28,83544300,-10.11%
1998-08-27,92943033,-9.18%
1998-08-26,102341767,-5.77%
1998-08-25,108607590,
1998-08-24,108607590,
1998-08-21,108607590,
1998-08-20,108607590,
1998-08-19,108607590,
1998-08-18,108607590,