Date,Market Cap,% Change
2023-04-25,525325430,-2.27%
2023-04-24,537554150,-0.75%
2023-04-21,541630390,0.28%
2023-04-20,540101800,-0.47%
2023-04-19,542649450,0.09%
2023-04-18,542139920,-2.03%
2023-04-17,553349580,0.93%
2023-04-14,548254280,-1.19%
2023-04-13,554878170,-0.18%
2023-04-12,555897230,-2.06%
2023-04-11,567616420,0.27%
2023-04-10,566087830,1.28%
2023-04-06,558954410,2.24%
2023-04-05,546725690,1.71%
2023-04-04,537554150,0.29%
2023-04-03,536025560,-1.68%
2023-03-31,545197100,2.98%
2023-03-30,529401670,0.97%
2023-03-29,524306369,0.68%
2023-03-28,520739660,0.69%
2023-03-27,517172950,1.30%
2023-03-24,510549060,1.73%
2023-03-23,501887050,-1.30%
2023-03-22,508510940,-1.87%
2023-03-21,518192010,3.56%
2023-03-20,500358460,1.66%
2023-03-17,492205980,-0.51%
2023-03-16,494753630,-1.42%
2023-03-15,501887050,-0.61%
2023-03-14,504944230,1.43%
2023-03-13,497810810,-0.61%
2023-03-10,500867990,-4.47%
2023-03-09,524306369,-2.37%
2023-03-08,537044620,1.25%
2023-03-07,530420730,-4.58%
2023-03-06,555897230,
2023-03-03,555897230,1.87%
2023-03-02,545706630,0.47%
2023-03-01,543158980,-0.56%
2023-02-28,546216160,2.00%
2023-02-27,535516030,-0.57%
2023-02-24,538573210,
2023-02-23,538573210,-14.13%
2023-02-22,627231430,0.90%
2023-02-21,621626600,-2.48%
2023-02-17,637422030,-0.48%
2023-02-16,640479210,-0.40%
2023-02-15,643026860,0.80%
2023-02-14,637931560,-1.34%
2023-02-13,646593570,-0.70%
2023-02-10,651179340,0.63%
2023-02-09,647103100,-0.55%
2023-02-08,650669810,0.31%
2023-02-07,648631690,-0.47%
2023-02-06,651688870,-1.08%
2023-02-03,658822290,0.31%
2023-02-02,656784170,-0.23%
2023-02-01,658312760,0.31%
2023-01-31,656274640,0.47%
2023-01-30,653217460,-1.16%
2023-01-27,660860410,
2023-01-26,660860410,-0.08%
2023-01-25,661369940,-0.08%
2023-01-24,661879470,-1.22%
2023-01-23,670031950,-0.15%
2023-01-20,671051010,
2023-01-19,671051010,-1.20%
2023-01-18,679203490,-1.19%
2023-01-17,687355970,1.66%
2023-01-13,676146310,2.63%
2023-01-12,658822290,1.57%
2023-01-11,648631690,1.35%
2023-01-10,639969680,0.40%
2023-01-09,637422030,-2.27%
2023-01-06,652198400,1.75%
2023-01-05,640988740,-0.40%
2023-01-04,643536390,1.45%
2023-01-03,634364850,-0.08%
2022-12-30,634874380,0.32%
2022-12-29,632836260,0.57%
2022-12-28,629269550,-1.67%
2022-12-27,639969680,0.96%
2022-12-23,633855320,0.65%
2022-12-22,629779080,1.39%
2022-12-21,621117070,3.13%
2022-12-20,602264460,-0.08%
2022-12-19,602773990,-2.15%
2022-12-16,616021770,-3.12%
2022-12-15,635893440,-2.12%
2022-12-14,649650750,-2.00%
2022-12-13,662898530,
2022-12-12,662898530,0.85%
2022-12-09,657293700,-1.00%
2022-12-08,663917590,-1.14%
2022-12-07,671560540,0.23%
2022-12-06,670031950,-1.50%
2022-12-05,680222550,-0.82%
2022-12-02,685827380,1.36%
2022-12-01,676655840,
2022-11-30,676655840,0.91%
2022-11-29,670541480,-0.15%
2022-11-28,671560540,-1.49%
2022-11-25,681751140,-0.74%
2022-11-23,686846440,-0.44%
2022-11-22,689903620,-0.66%
2022-11-21,694489390,-0.58%
2022-11-18,698565630,1.33%
2022-11-17,689394090,0.67%
2022-11-16,684808320,-0.96%
2022-11-15,691432210,-0.73%
2022-11-14,696527510,-0.51%
2022-11-11,700094220,-2.07%
2022-11-10,714870590,2.41%
2022-11-09,698056100,-2.14%
2022-11-08,713342000,1.30%
2022-11-07,704170460,-0.43%
2022-11-04,707227640,0.80%
2022-11-03,701622810,0.07%
2022-11-02,701113280,-2.20%
2022-11-01,716908710,0.43%
2022-10-31,713851530,-1.41%
2022-10-28,724042130,1.50%
2022-10-27,713342000,-0.78%
2022-10-26,718946830,-0.21%
2022-10-25,720475420,4.97%
2022-10-24,686336910,0.37%
2022-10-21,683789260,2.13%
2022-10-20,669522420,-0.76%
2022-10-19,674617720,-1.27%
2022-10-18,683279730,1.28%
2022-10-17,674617720,1.30%
2022-10-14,665955710,-1.80%
2022-10-13,678184430,2.70%
2022-10-12,660350880,1.57%
2022-10-11,650160280,2.33%
2022-10-10,635383910,-3.56%
2022-10-07,658822290,0.86%
2022-10-06,653217460,-1.16%
2022-10-05,660860410,-1.67%
2022-10-04,672070070,4.60%
2022-10-03,642517330,-0.47%
2022-09-30,645574510,-2.91%
2022-09-29,664942850,-4.38%
2022-09-28,695435000,3.26%
2022-09-27,673502050,-2.55%
2022-09-26,691155400,-7.18%
2022-09-23,744650400,-1.42%
2022-09-22,755349400,-0.56%
2022-09-21,759629000,0.50%
2022-09-20,755884350,-1.46%
2022-09-19,767118300,1.41%
2022-09-16,756419300,-1.46%
2022-09-15,767653250,-1.24%
2022-09-14,777282350,1.40%
2022-09-13,766583350,-2.25%
2022-09-12,784236700,0.14%
2022-09-09,783166800,1.53%
2022-09-08,771397900,-2.90%
2022-09-07,794400750,1.78%
2022-09-06,780492050,2.60%
2022-09-02,760698900,-0.14%
2022-09-01,761768800,-1.86%
2022-08-31,776212450,1.68%
2022-08-30,763373650,-1.72%
2022-08-29,776747400,-0.48%
2022-08-26,780492050,-2.01%
2022-08-25,796540550,2.97%
2022-08-24,773537700,1.54%
2022-08-23,761768800,0.71%
2022-08-22,756419300,-4.07%
2022-08-19,788516300,-1.67%
2022-08-18,801890050,0.33%
2022-08-17,799215300,0.27%
2022-08-16,797075500,-0.86%
2022-08-15,804029850,0.47%
2022-08-12,800285200,1.63%
2022-08-11,787446400,-1.14%
2022-08-10,796540550,2.06%
2022-08-09,780492050,
2022-08-08,780492050,2.67%
2022-08-05,760163950,0.14%
2022-08-04,759094050,-4.44%
2022-08-03,794400750,
2022-08-02,794400750,-0.67%
2022-08-01,799750250,0.74%
2022-07-29,793865800,2.20%
2022-07-28,776747400,0.76%
2022-07-27,770862950,-0.21%
2022-07-26,772467800,-0.07%
2022-07-25,773002750,1.26%
2022-07-22,763373650,
2022-07-21,763373650,1.21%
2022-07-20,754279500,0.57%
2022-07-19,749999900,1.67%
2022-07-18,737696050,0.44%
2022-07-15,734486350,2.16%
2022-07-14,718972800,-1.47%
2022-07-13,729671800,-0.22%
2022-07-12,731276650,-2.01%
2022-07-11,746255250,-1.76%
2022-07-08,759629000,1.14%
2022-07-07,751069800,0.86%
2022-07-06,744650400,1.75%
2022-07-05,731811600,-0.44%
2022-07-01,735021300,-0.43%
2022-06-30,738231000,3.16%
2022-06-29,715644020,0.57%
2022-06-28,711615060,-0.63%
2022-06-27,716147640,2.45%
2022-06-24,699024560,-0.86%
2022-06-23,705068000,-3.91%
2022-06-22,733774340,-0.07%
2022-06-21,734277960,3.33%
2022-06-17,710607820,0.36%
2022-06-16,708089720,-0.78%
2022-06-15,713629540,2.24%
2022-06-14,698017320,3.20%
2022-06-13,676361660,-5.29%
2022-06-10,714133160,-1.05%
2022-06-09,721687460,-1.31%
2022-06-08,731256240,-1.56%
2022-06-07,742839500,-0.34%
2022-06-06,745357600,-1.07%
2022-06-03,753415520,-1.25%
2022-06-02,762984300,1.27%
2022-06-01,753415520,-0.40%
2022-05-31,756437240,0.81%
2022-05-27,750393800,
2022-05-26,750393800,0.88%
2022-05-25,743846740,1.65%
2022-05-24,731759860,1.32%
2022-05-23,722191080,1.27%
2022-05-20,713125920,-1.87%
2022-05-19,726723660,0.28%
2022-05-18,724709180,-1.37%
2022-05-17,734781580,-0.55%
2022-05-16,738810540,1.17%
2022-05-13,730249000,2.98%
2022-05-12,709096960,-4.86%
2022-05-11,745357600,0.68%
2022-05-10,740321400,0.55%
2022-05-09,736292440,-3.75%
2022-05-06,764998780,-1.24%
2022-05-05,774567560,-3.45%
2022-05-04,802266660,5.78%
2022-05-03,758451720,3.72%
2022-05-02,731256240,-1.36%
2022-04-29,741328640,-1.60%
2022-04-28,753415520,1.56%
2022-04-27,741832260,-0.20%
2022-04-26,743343120,-0.47%
2022-04-25,746868460,-1.13%
2022-04-22,755430000,-2.60%
2022-04-21,775574800,-1.22%
2022-04-20,785143580,-4.30%
2022-04-19,820396980,10.29%
2022-04-18,743846740,2.21%
2022-04-14,727730900,2.56%
2022-04-13,709600580,2.25%
2022-04-12,693988360,-1.15%
2022-04-11,702046280,-6.51%
2022-04-08,750897420,5.59%
2022-04-07,711111440,1.73%
2022-04-06,699024560,0.36%
2022-04-05,696506460,-0.72%
2022-04-04,701542660,-0.64%
2022-04-01,706075240,1.96%
2022-03-31,692477500,51.31%
2022-03-30,457667060,-0.42%
2022-03-29,459620120,6.17%
2022-03-28,432928300,-0.75%
2022-03-25,436183400,0.90%
2022-03-24,432277280,-0.30%
2022-03-23,433579320,0.08%
2022-03-22,433253810,-1.26%
2022-03-21,438787480,2.28%
2022-03-18,429022180,-1.79%
2022-03-17,436834420,3.23%
2022-03-16,423163000,
2022-03-15,423163000,-2.33%
2022-03-14,433253810,-2.63%
2022-03-11,444972170,-0.29%
2022-03-10,446274210,4.58%
2022-03-09,426743610,-1.58%
2022-03-08,433579320,0.76%
2022-03-07,430324220,5.51%
2022-03-04,407864030,5.74%
2022-03-03,385729350,-2.23%
2022-03-02,394518120,4.03%
2022-03-01,379219150,-0.17%
2022-02-28,379870170,-1.35%
2022-02-25,385078330,0.17%
2022-02-24,384427310,-1.25%
2022-02-23,389309960,4.36%
2022-02-22,373034460,
2022-02-18,373034460,-0.43%
2022-02-17,374662010,1.14%
2022-02-16,370430380,1.25%
2022-02-15,365873240,2.09%
2022-02-14,358386510,-0.36%
2022-02-11,359688550,-0.72%
2022-02-10,362292630,0.18%
2022-02-09,361641610,-0.18%
2022-02-08,362292630,-0.36%
2022-02-07,363594670,0.45%
2022-02-04,361967120,-0.45%
2022-02-03,363594670,-2.02%
2022-02-02,371081400,-0.96%
2022-02-01,374662010,1.05%
2022-01-31,370755890,3.55%
2022-01-28,358061000,1.95%
2022-01-27,351225290,-1.91%
2022-01-26,358061000,-1.35%
2022-01-25,362943650,-0.54%
2022-01-24,364896710,-1.32%
2022-01-21,369779360,-0.35%
2022-01-20,371081400,-2.90%
2022-01-19,382148740,-3.14%
2022-01-18,394518120,-0.49%
2022-01-14,396471180,1.00%
2022-01-13,392565060,2.12%
2022-01-12,384427310,-0.51%
2022-01-11,386380370,3.31%
2022-01-10,374010990,-1.63%
2022-01-07,380195680,-1.52%
2022-01-06,386054860,
2022-01-05,386054860,-1.58%
2022-01-04,392239550,-1.15%
2022-01-03,396796690,2.01%
2021-12-31,388984450,-0.42%
2021-12-30,390612000,-0.74%
2021-12-29,393541590,0.17%
2021-12-28,392890570,0.75%
2021-12-27,389960980,0.50%
2021-12-23,388007920,-0.08%
2021-12-22,388333430,0.68%
2021-12-21,385729350,0.17%
2021-12-20,385078330,-0.17%
2021-12-17,385729350,-0.50%
2021-12-16,387682410,-0.25%
2021-12-15,388658940,3.02%
2021-12-14,377266090,-1.11%
2021-12-13,381497720,-1.18%
2021-12-10,386054860,0.25%
2021-12-09,385078330,-0.59%
2021-12-08,387356900,1.71%
2021-12-07,380846700,-0.34%
2021-12-06,382148740,1.65%
2021-12-03,375964050,-1.28%
2021-12-02,380846700,1.65%
2021-12-01,374662010,-0.69%
2021-11-30,377266090,-1.70%
2021-11-29,383776290,-0.51%
2021-11-26,385729350,-2.79%
2021-11-24,396796690,0.25%
2021-11-23,395820160,0.33%
2021-11-22,394518120,-2.26%
2021-11-19,403632400,-1.98%
2021-11-18,411770150,-0.55%
2021-11-17,414048720,0.16%
2021-11-16,413397700,-0.55%
2021-11-15,415676270,1.59%
2021-11-12,409166070,-0.87%
2021-11-11,412746680,3.85%
2021-11-10,397447710,0.41%
2021-11-09,395820160,0.41%
2021-11-08,394192610,-2.26%
2021-11-05,403306890,5.00%
2021-11-04,384101800,-2.72%
2021-11-03,394843630,5.02%
2021-11-02,375964050,3.31%
2021-11-01,363920180,-0.53%
2021-10-29,365873240,-1.66%
2021-10-28,372057930,-5.15%
2021-10-27,392239550,0.75%
2021-10-26,389309960,-1.08%
2021-10-25,393541590,-0.17%
2021-10-22,394192610,0.75%
2021-10-21,391263020,0.50%
2021-10-20,389309960,0.84%
2021-10-19,386054860,0.94%
2021-10-18,382474250,-0.25%
2021-10-15,383450780,-0.34%
2021-10-14,384752820,3.59%
2021-10-13,371406910,-0.61%
2021-10-12,373685480,3.24%
2021-10-11,361967120,-0.27%
2021-10-08,362943650,-3.13%
2021-10-07,374662010,-2.21%
2021-10-06,383125270,-1.26%
2021-10-05,388007920,-0.08%
2021-10-04,388333430,-0.17%
2021-10-01,388984450,-0.33%
2021-09-30,390286490,-0.33%
2021-09-29,391588530,-5.42%
2021-09-28,414048720,-3.42%
2021-09-27,428696670,3.13%
2021-09-24,415676270,-1.16%
2021-09-23,420558920,2.38%
2021-09-22,410793620,0.88%
2021-09-21,407213010,0.64%
2021-09-20,404608930,-0.32%
2021-09-17,405910970,-1.58%
2021-09-16,412421170,0.72%
2021-09-15,409491580,0.16%
2021-09-14,408840560,-1.18%
2021-09-13,413723210,2.01%
2021-09-10,405585460,-0.80%
2021-09-09,408840560,-1.80%
2021-09-08,416327290,
2021-09-07,416327290,1.99%
2021-09-03,408189540,0.97%
2021-09-02,404283420,-0.32%
2021-09-01,405585460,1.71%
2021-08-31,398749750,1.41%
2021-08-30,393216080,-0.58%
2021-08-27,395494650,2.36%
2021-08-26,386380370,0.17%
2021-08-25,385729350,-0.50%
2021-08-24,387682410,-0.67%
2021-08-23,390286490,0.08%
2021-08-20,389960980,4.36%
2021-08-19,373685480,-0.43%
2021-08-18,375313030,
2021-08-17,375313030,-1.62%
2021-08-16,381497720,
2021-08-13,381497720,0.51%
2021-08-12,379544660,-1.52%
2021-08-11,385403840,-0.92%
2021-08-10,388984450,-1.89%
2021-08-09,396471180,-2.48%
2021-08-06,406561990,1.71%
2021-08-05,399726280,-0.08%
2021-08-04,400051790,-0.49%
2021-08-03,402004850,-0.56%
2021-08-02,404283420,-1.43%
2021-07-30,410142600,-0.32%
2021-07-29,411444640,0.96%
2021-07-28,407538520,-0.63%
2021-07-27,410142600,-1.25%
2021-07-26,415350760,1.84%
2021-07-23,407864030,1.21%
2021-07-22,402981380,-1.90%
2021-07-21,410793620,1.77%
2021-07-20,403632400,2.48%
2021-07-19,393867100,-2.18%
2021-07-16,402655870,-1.04%
2021-07-15,406887500,0.64%
2021-07-14,404283420,-1.43%
2021-07-13,410142600,-1.49%
2021-07-12,416327290,2.65%
2021-07-09,405585460,2.55%
2021-07-08,395494650,-1.62%
2021-07-07,402004850,-0.08%
2021-07-06,402330360,1.06%
2021-07-02,398098730,-1.29%
2021-07-01,403306890,2.82%
2021-06-30,392239550,2.46%
2021-06-29,382807040,0.90%
2021-06-28,379389120,-1.93%
2021-06-25,386846400,-1.03%
2021-06-24,390885760,-1.02%
2021-06-23,394925120,1.92%
2021-06-22,387467840,-0.40%
2021-06-21,389021440,3.30%
2021-06-18,376592640,-5.24%
2021-06-17,397410880,-1.99%
2021-06-16,405489600,
2021-06-15,405489600,2.19%
2021-06-14,396789440,-1.84%
2021-06-11,404246720,-0.23%
2021-06-10,405178880,-0.76%
2021-06-09,408286080,-2.59%
2021-06-08,419161280,-0.22%
2021-06-07,420093440,2.89%
2021-06-04,408286080,-0.08%
2021-06-03,408596800,2.73%
2021-06-02,397721600,0.95%
2021-06-01,393992960,2.01%
2021-05-28,386224960,
2021-05-27,386224960,-0.40%
2021-05-26,387778560,0.16%
2021-05-25,387157120,-1.81%
2021-05-24,394303680,0.48%
2021-05-21,392439360,-1.02%
2021-05-20,396478720,-2.07%
2021-05-19,404868160,-1.44%
2021-05-18,410771840,-1.86%
2021-05-17,418539840,-0.74%
2021-05-14,421647040,0.59%
2021-05-13,419161280,2.20%
2021-05-12,410150400,-2.58%
2021-05-11,421025600,-4.04%
2021-05-10,438736640,-1.81%
2021-05-07,446815360,5.50%
2021-05-06,423511360,0.89%
2021-05-05,419782720,-0.88%
2021-05-04,423511360,1.04%
2021-05-03,419161280,1.20%
2021-04-30,414189760,0.15%
2021-04-29,413568320,-0.52%
2021-04-28,415743360,-1.76%
2021-04-27,423200640,-1.02%
2021-04-26,427550720,2.08%
2021-04-23,418850560,0.82%
2021-04-22,415432640,-0.52%
2021-04-21,417607680,2.91%
2021-04-20,405800320,-1.51%
2021-04-19,412014720,-0.75%
2021-04-16,415121920,3.81%
2021-04-15,399896640,2.63%
2021-04-14,389642880,7.73%
2021-04-13,361678080,-0.09%
2021-04-12,361988800,1.75%
2021-04-09,355774400,0.62%
2021-04-08,353599360,0.80%
2021-04-07,350802880,-0.70%
2021-04-06,353288640,-0.44%
2021-04-05,354842240,-0.61%
2021-04-01,357017280,2.50%
2021-03-31,348317120,2.88%
2021-03-30,338552340,4.21%
2021-03-29,324864240,-7.05%
2021-03-26,349502820,1.68%
2021-03-25,343723400,0.44%
2021-03-24,342202500,-0.27%
2021-03-23,343115040,-3.26%
2021-03-22,354673880,0.17%
2021-03-19,354065520,-0.77%
2021-03-18,356803140,-14.38%
2021-03-17,416726600,1.71%
2021-03-16,409730460,-4.74%
2021-03-15,430110520,-4.20%
2021-03-12,448969680,0.82%
2021-03-11,445319520,8.61%
2021-03-10,410034640,5.39%
2021-03-09,389046220,-3.25%
2021-03-08,402125960,4.34%
2021-03-05,385396060,4.62%
2021-03-04,368361980,-3.27%
2021-03-03,380833360,2.37%
2021-03-02,372012140,-0.73%
2021-03-01,374749760,3.01%
2021-02-26,363799280,1.70%
2021-02-25,357715680,-1.84%
2021-02-24,364407640,3.54%
2021-02-23,351936260,-1.11%
2021-02-22,355890600,0.95%
2021-02-19,352544620,-0.34%
2021-02-18,353761340,1.84%
2021-02-17,347373560,-1.55%
2021-02-16,352848800,-0.68%
2021-02-12,355282240,1.13%
2021-02-11,351327900,-1.37%
2021-02-10,356194780,1.21%
2021-02-09,351936260,-1.11%
2021-02-08,355890600,2.90%
2021-02-05,345852660,1.34%
2021-02-04,341289960,2.00%
2021-02-03,334598000,0.92%
2021-02-02,331556200,-3.45%
2021-02-01,343419220,9.51%
2021-01-29,313609580,
2021-01-28,313609580,-3.73%
2021-01-27,325776780,-1.20%
2021-01-26,329731120,-8.98%
2021-01-25,362278380,7.69%
2021-01-22,336423080,1.47%
2021-01-21,331556200,2.64%
2021-01-20,323039160,-0.56%
2021-01-19,324864240,3.89%
2021-01-15,312697040,3.84%
2021-01-14,301138200,4.54%
2021-01-13,288058460,1.39%
2021-01-12,284104120,-1.27%
2021-01-11,287754280,3.28%
2021-01-08,278628880,0.11%
2021-01-07,278324700,2.23%
2021-01-06,272241100,3.47%
2021-01-05,263115700,2.25%
2021-01-04,257336280,-2.76%
2020-12-31,264636599,5.24%
2020-12-30,251458560,-0.23%
2020-12-29,252046080,-0.58%
2020-12-28,253514880,0.94%
2020-12-24,251164800,0.47%
2020-12-23,249989760,1.55%
2020-12-22,246170880,-0.83%
2020-12-21,248227199,-1.40%
2020-12-18,251752320,-0.35%
2020-12-17,252633600,-0.69%
2020-12-16,254396160,-3.02%
2020-12-15,262327680,4.69%
2020-12-14,250577279,-0.70%
2020-12-11,252339840,1.18%
2020-12-10,249402240,0.95%
2020-12-09,247052160,-1.64%
2020-12-08,251164800,1.66%
2020-12-07,247052160,2.06%
2020-12-04,242058240,2.74%
2020-12-03,235595520,0.63%
2020-12-02,234126720,-0.62%
2020-12-01,235595520,0.50%
2020-11-30,234420480,-2.44%
2020-11-27,240295680,-2.27%
2020-11-25,245877119,0.72%
2020-11-24,244114560,-1.07%
2020-11-23,246758400,2.31%
2020-11-20,241176960,1.23%
2020-11-19,238239359,4.92%
2020-11-18,227076480,-7.54%
2020-11-17,245583359,1.95%
2020-11-16,240883199,6.36%
2020-11-13,226488960,3.49%
2020-11-12,218851200,-2.61%
2020-11-11,224726400,5.23%
2020-11-10,213563520,4.45%
2020-11-09,204456960,5.14%
2020-11-06,194469120,-1.78%
2020-11-05,197994240,1.35%
2020-11-04,195350400,0.45%
2020-11-03,194469120,1.85%
2020-11-02,190944000,0.93%
2020-10-30,189181440,0.31%
2020-10-29,188593920,-0.47%
2020-10-28,189475200,-1.38%
2020-10-27,192119040,-2.10%
2020-10-26,196231680,-1.33%
2020-10-23,198875520,0.15%
2020-10-22,198581760,0.60%
2020-10-21,197406720,-0.44%
2020-10-20,198288000,1.35%
2020-10-19,195644160,0.45%
2020-10-16,194762880,0.61%
2020-10-15,193587840,-1.20%
2020-10-14,195937920,
2020-10-13,195937920,-0.30%
2020-10-12,196525440,0.75%
2020-10-09,195056640,1.37%
2020-10-08,192412800,-2.24%
2020-10-07,196819200,1.82%
2020-10-06,193294080,-0.60%
2020-10-05,194469120,-3.22%
2020-10-02,200931840,1.18%
2020-10-01,198581760,1.50%
2020-09-30,195644160,1.50%
2020-09-29,192759600,-0.75%
2020-09-28,194219900,1.53%
2020-09-25,191299300,0.15%
2020-09-24,191007240,1.40%
2020-09-23,188378700,-1.98%
2020-09-22,192175480,0.92%
2020-09-21,190423120,-1.95%
2020-09-18,194219900,1.06%
2020-09-17,192175480,-0.45%
2020-09-16,193051660,-0.15%
2020-09-15,193343720,-0.45%
2020-09-14,194219900,2.31%
2020-09-11,189839000,-1.37%
2020-09-10,192467540,0.15%
2020-09-09,192175480,0.61%
2020-09-08,191007240,-0.91%
2020-09-04,192759600,-1.35%
2020-09-03,195388140,0.15%
2020-09-02,195096080,
2020-09-01,195096080,-0.15%
2020-08-31,195388140,-1.47%
2020-08-28,198308740,0.74%
2020-08-27,196848440,-0.74%
2020-08-26,198308740,
2020-08-25,198308740,-0.15%
2020-08-24,198600800,-1.02%
2020-08-21,200645220,0.44%
2020-08-20,199769040,0.15%
2020-08-19,199476980,-1.30%
2020-08-18,202105520,-0.57%
2020-08-17,203273760,2.35%
2020-08-14,198600800,0.74%
2020-08-13,197140500,-0.59%
2020-08-12,198308740,1.34%
2020-08-11,195680200,-1.33%
2020-08-10,198308740,-2.30%
2020-08-07,202981700,3.12%
2020-08-06,196848440,-0.88%
2020-08-05,198600800,-0.73%
2020-08-04,200061100,1.63%
2020-08-03,196848440,-2.46%
2020-07-31,201813460,-1.99%
2020-07-30,205902300,-1.40%
2020-07-29,208822900,0.42%
2020-07-28,207946720,0.71%
2020-07-27,206486420,1.43%
2020-07-24,203565820,-2.11%
2020-07-23,207946720,-0.42%
2020-07-22,208822900,-0.42%
2020-07-21,209699080,-0.83%
2020-07-20,211451440,1.26%
2020-07-17,208822900,0.99%
2020-07-16,206778480,0.43%
2020-07-15,205902300,-0.70%
2020-07-14,207362600,2.60%
2020-07-13,202105520,1.47%
2020-07-10,199184920,1.19%
2020-07-09,196848440,-0.15%
2020-07-08,197140500,1.66%
2020-07-07,193927840,-2.35%
2020-07-06,198600800,0.29%
2020-07-02,198016680,-0.44%
2020-07-01,198892860,-0.58%
2020-06-30,200061100,1.00%
2020-06-29,198084090,-2.46%
2020-06-26,203087700,1.77%
2020-06-25,199555740,0.44%
2020-06-24,198672750,0.90%
2020-06-23,196906770,1.21%
2020-06-22,194552130,0.15%
2020-06-19,194257800,-2.51%
2020-06-18,199261410,-0.59%
2020-06-17,200438730,-2.85%
2020-06-16,206325330,2.34%
2020-06-15,201616050,0.44%
2020-06-12,200733060,5.08%
2020-06-11,191020170,-5.26%
2020-06-10,201616050,-3.11%
2020-06-09,208091310,-1.39%
2020-06-08,211034610,-2.18%
2020-06-05,215743890,0.14%
2020-06-04,215449560,0.27%
2020-06-03,214860900,4.29%
2020-06-02,206031000,2.19%
2020-06-01,201616050,-0.72%
2020-05-29,203087700,
2020-05-28,203087700,-1.15%
2020-05-27,205442340,0.58%
2020-05-26,204265020,0.29%
2020-05-22,203676360,2.22%
2020-05-21,199261410,-1.02%
2020-05-20,201321720,3.32%
2020-05-19,194846460,-1.34%
2020-05-18,197495430,4.52%
2020-05-15,188959860,2.56%
2020-05-14,184250580,0.81%
2020-05-13,182778930,2.31%
2020-05-12,178658310,-5.30%
2020-05-11,188665530,-2.29%
2020-05-08,193080480,1.39%
2020-05-07,190431510,-1.22%
2020-05-06,192786150,1.39%
2020-05-05,190137180,0.31%
2020-05-04,189548520,-0.92%
2020-05-01,191314500,-0.91%
2020-04-30,193080480,-3.67%
2020-04-29,200438730,3.18%
2020-04-28,194257800,-1.49%
2020-04-27,197201100,3.72%
2020-04-24,190137180,2.87%
2020-04-23,184839240,1.95%
2020-04-22,181307280,2.84%
2020-04-21,176303670,0.17%
2020-04-20,176009340,-3.39%
2020-04-17,182190270,3.69%
2020-04-16,175715010,-1.00%
2020-04-15,177480990,-3.52%
2020-04-14,183956250,2.80%
2020-04-13,178952640,-6.75%
2020-04-09,191903160,11.07%
2020-04-08,172771710,3.16%
2020-04-07,167473770,-3.89%
2020-04-06,174243360,1.72%
2020-04-03,171300060,-1.52%
2020-04-02,173949030,1.55%
2020-04-01,171300060,-4.12%
2020-03-31,178658310,-2.47%
2020-03-30,183179000,8.20%
2020-03-27,169292850,-6.37%
2020-03-26,180815400,10.47%
2020-03-25,163679300,-3.65%
2020-03-24,169883750,-0.69%
2020-03-23,171065550,-3.98%
2020-03-20,178156350,6.91%
2020-03-19,166633800,8.46%
2020-03-18,153634000,-17.33%
2020-03-17,185838050,4.83%
2020-03-16,177270000,-3.38%
2020-03-13,183474450,12.70%
2020-03-12,162792950,-0.72%
2020-03-11,163974750,-7.81%
2020-03-10,177860900,1.86%
2020-03-09,174610950,-10.05%
2020-03-06,194110650,4.29%
2020-03-05,186133500,-1.56%
2020-03-04,189088000,1.91%
2020-03-03,185542600,-0.79%
2020-03-02,187019850,7.11%
2020-02-28,174610950,-4.68%
2020-02-27,183179000,-5.05%
2020-02-26,192928850,0.93%
2020-02-25,191156150,-3.00%
2020-02-24,197065150,-1.91%
2020-02-21,200906000,0.74%
2020-02-20,199428750,2.27%
2020-02-19,194997000,-1.64%
2020-02-18,198246950,-1.18%
2020-02-14,200610550,2.11%
2020-02-13,196474250,1.37%
2020-02-12,193815200,-0.30%
2020-02-11,194406100,0.30%
2020-02-10,193815200,-0.76%
2020-02-07,195292450,
2020-02-06,195292450,
2020-02-05,195292450,-0.15%
2020-02-04,195587900,2.32%
2020-02-03,191156150,-0.15%
2020-01-31,191451600,-3.14%
2020-01-30,197656050,0.15%
2020-01-29,197360600,-1.18%
2020-01-28,199724200,
2020-01-27,199724200,-0.29%
2020-01-24,200315100,-0.29%
2020-01-23,200906000,0.15%
2020-01-22,200610550,1.34%
2020-01-21,197951500,0.15%
2020-01-17,197656050,-0.74%
2020-01-16,199133300,0.30%
2020-01-15,198542400,
2020-01-14,198542400,-2.18%
2020-01-13,202974150,0.15%
2020-01-10,202678700,2.39%
2020-01-09,197951500,-1.33%
2020-01-08,200610550,-2.16%
2020-01-07,205042300,0.29%
2020-01-06,204451400,3.90%
2020-01-03,196769700,-2.06%
2020-01-02,200906000,0.29%
2019-12-31,200315100,-1.78%
2019-12-30,203942440,-2.17%
2019-12-27,208467790,1.47%
2019-12-26,205450890,0.59%
2019-12-24,204244130,0.45%
2019-12-23,203339060,1.81%
2019-12-20,199718780,0.91%
2019-12-19,197908640,0.15%
2019-12-18,197606950,-0.46%
2019-12-17,198512020,0.46%
2019-12-16,197606950,1.55%
2019-12-13,194590050,-0.92%
2019-12-12,196400190,-1.21%
2019-12-11,198813710,-1.64%
2019-12-10,202132300,1.21%
2019-12-09,199718780,0.30%
2019-12-06,199115400,0.92%
2019-12-05,197305260,-0.91%
2019-12-04,199115400,1.23%
2019-12-03,196701880,-0.91%
2019-12-02,198512020,-1.35%
2019-11-29,201227230,2.62%
2019-11-27,196098500,1.88%
2019-11-26,192478220,-2.15%
2019-11-25,196701880,2.52%
2019-11-22,191874840,1.76%
2019-11-21,188556250,-1.57%
2019-11-20,191573150,0.32%
2019-11-19,190969770,-0.94%
2019-11-18,192779910,-2.89%
2019-11-15,198512020,-0.45%
2019-11-14,199417090,-3.08%
2019-11-13,205752580,3.49%
2019-11-12,198813710,-0.90%
2019-11-11,200623850,-1.77%
2019-11-08,204244130,1.04%
2019-11-07,202132300,3.72%
2019-11-06,194891740,-1.07%
2019-11-05,197003570,-2.83%
2019-11-04,202735680,-2.89%
2019-11-01,208769480,3.28%
2019-10-31,202132300,0.30%
2019-10-30,201528920,-0.89%
2019-10-29,203339060,1.51%
2019-10-28,200322160,0.91%
2019-10-25,198512020,1.39%
2019-10-24,195796810,-2.70%
2019-10-23,201227230,-2.06%
2019-10-22,205450890,-1.30%
2019-10-21,208166100,2.99%
2019-10-18,202132300,
2019-10-17,202132300,0.75%
2019-10-16,200623850,0.15%
2019-10-15,200322160,
2019-10-14,200322160,1.37%
2019-10-11,197606950,4.13%
2019-10-10,189763010,-0.94%
2019-10-09,191573150,0.16%
2019-10-08,191271460,0.63%
2019-10-07,190064700,-0.94%
2019-10-04,191874840,-0.78%
2019-10-03,193383290,-1.99%
2019-10-02,197305260,1.08%
2019-10-01,195193430,-3.14%
2019-09-30,201528920,4.95%
2019-09-27,192025470,1.40%
2019-09-26,189370740,-0.62%
2019-09-25,190550620,3.03%
2019-09-24,184946190,-1.57%
2019-09-23,187895890,-3.63%
2019-09-20,194975170,1.07%
2019-09-19,192910380,-0.15%
2019-09-18,193205350,-2.24%
2019-09-17,197629900,-2.47%
2019-09-16,202644390,-0.43%
2019-09-13,203529300,-1.57%
2019-09-12,206773970,
2019-09-11,206773970,1.89%
2019-09-10,202939360,3.93%
2019-09-09,195270140,2.95%
2019-09-06,189665710,-1.53%
2019-09-05,192615410,0.15%
2019-09-04,192320440,3.82%
2019-09-03,185241160,4.15%
2019-08-30,177866910,-3.05%
2019-08-29,183471340,-0.16%
2019-08-28,183766310,0.65%
2019-08-27,182586430,-2.98%
2019-08-26,188190860,2.24%
2019-08-23,184061280,-1.89%
2019-08-22,187600920,-0.78%
2019-08-21,189075770,-0.77%
2019-08-20,190550620,1.25%
2019-08-19,188190860,-0.31%
2019-08-16,188780800,1.91%
2019-08-15,185241160,-0.16%
2019-08-14,185536130,-2.48%
2019-08-13,190255650,0.31%
2019-08-12,189665710,0.31%
2019-08-09,189075770,0.94%
2019-08-08,187305950,1.28%
2019-08-07,184946190,9.23%
2019-08-06,169312780,-3.37%
2019-08-05,175212180,-0.83%
2019-08-02,176687030,-1.16%
2019-08-01,178751820,-1.46%
2019-07-31,181406550,1.15%
2019-07-30,179341760,0.50%
2019-07-29,178456850,
2019-07-26,178456850,0.50%
2019-07-25,177571940,-3.53%
2019-07-24,184061280,1.46%
2019-07-23,181406550,-0.65%
2019-07-22,182586430,-0.64%
2019-07-19,183766310,-2.04%
2019-07-18,187600920,-1.40%
2019-07-17,190255650,-0.15%
2019-07-16,190550620,0.47%
2019-07-15,189665710,-1.68%
2019-07-12,192910380,1.08%
2019-07-11,190845590,-1.07%
2019-07-10,192910380,-1.06%
2019-07-09,194975170,-0.75%
2019-07-08,196450020,-1.33%
2019-07-05,199104750,-2.32%
2019-07-03,203824270,-1.14%
2019-07-02,206184030,0.14%
2019-07-01,205889060,-4.68%
2019-06-28,215990850,0.28%
2019-06-27,215378110,2.93%
2019-06-26,209250710,2.40%
2019-06-25,204348790,-1.19%
2019-06-24,206799750,-0.74%
2019-06-21,208331600,-0.15%
2019-06-20,208637970,1.04%
2019-06-19,206493380,-0.15%
2019-06-18,206799750,1.50%
2019-06-17,203736050,2.94%
2019-06-14,197915020,0.62%
2019-06-13,196689540,1.10%
2019-06-12,194544950,-2.16%
2019-06-11,198834130,
2019-06-10,198834130,2.04%
2019-06-07,194851320,-0.93%
2019-06-06,196689540,1.58%
2019-06-05,193625840,-0.32%
2019-06-04,194238580,3.09%
2019-06-03,188417550,-0.65%
2019-05-31,189643030,
2019-05-30,189643030,0.65%
2019-05-29,188417550,-2.23%
2019-05-28,192706730,3.62%
2019-05-24,185966590,1.85%
2019-05-23,182596520,-1.81%
2019-05-22,185966590,-2.57%
2019-05-21,190868510,3.15%
2019-05-20,185047480,-0.82%
2019-05-17,186579330,-3.03%
2019-05-16,192400360,-0.79%
2019-05-15,193932210,-3.06%
2019-05-14,200059610,0.31%
2019-05-13,199446870,0.46%
2019-05-10,198527760,0.15%
2019-05-09,198221390,1.89%
2019-05-08,194544950,-3.05%
2019-05-07,200672350,-0.91%
2019-05-06,202510570,
2019-05-03,202510570,2.80%
2019-05-02,196995910,-0.62%
2019-05-01,198221390,-1.37%
2019-04-30,200978720,1.08%
2019-04-29,198834130,1.09%
2019-04-26,196689540,2.23%
2019-04-25,192400360,-6.13%
2019-04-24,204961530,-0.45%
2019-04-23,205880640,2.44%
2019-04-22,200978720,-0.30%
2019-04-18,201591460,0.61%
2019-04-17,200365980,-0.15%
2019-04-16,200672350,0.15%
2019-04-15,200365980,-1.80%
2019-04-12,204042420,0.45%
2019-04-11,203123310,0.76%
2019-04-10,201591460,2.97%
2019-04-09,195770430,-1.69%
2019-04-08,199140500,-1.52%
2019-04-05,202204200,1.85%
2019-04-04,198527760,0.62%
2019-04-03,197302280,-0.92%
2019-04-02,199140500,-1.81%
2019-04-01,202816940,2.92%
2019-03-29,197062400,-3.03%
2019-03-28,203220600,2.01%
2019-03-27,199217770,1.41%
2019-03-26,196446580,5.45%
2019-03-25,186285550,1.00%
2019-03-22,184438090,-3.85%
2019-03-21,191827930,-3.26%
2019-03-20,198294040,0.63%
2019-03-19,197062400,5.44%
2019-03-18,186901370,-1.78%
2019-03-15,190288380,2.66%
2019-03-14,185361820,11.90%
2019-03-13,165655580,1.51%
2019-03-12,163192300,0.76%
2019-03-11,161960660,1.54%
2019-03-08,159497380,0.78%
2019-03-07,158265740,-2.47%
2019-03-06,162268570,0.76%
2019-03-05,161036930,1.75%
2019-03-04,158265740,0.78%
2019-03-01,157034100,-0.78%
2019-02-28,158265740,-2.28%
2019-02-27,161960660,-1.68%
2019-02-26,164731850,1.13%
2019-02-25,162884390,-1.49%
2019-02-22,165347670,-1.65%
2019-02-21,168118860,-1.62%
2019-02-20,170890050,-1.77%
2019-02-19,173969150,0.53%
2019-02-15,173045420,2.00%
2019-02-14,169658410,-0.36%
2019-02-13,170274230,-1.78%
2019-02-12,173353330,0.54%
2019-02-11,172429600,1.45%
2019-02-08,169966320,-0.54%
2019-02-07,170890050,-0.72%
2019-02-06,172121690,0.54%
2019-02-05,171197960,-0.54%
2019-02-04,172121690,1.45%
2019-02-01,169658410,-1.78%
2019-01-31,172737510,2.37%
2019-01-30,168734680,0.55%
2019-01-29,167810950,-0.37%
2019-01-28,168426770,-1.80%
2019-01-25,171505870,1.64%
2019-01-24,168734680,1.48%
2019-01-23,166271400,-1.10%
2019-01-22,168118860,-5.37%
2019-01-18,177664070,-3.99%
2019-01-17,185053910,1.18%
2019-01-16,182898540,-0.17%
2019-01-15,183206450,-0.50%
2019-01-14,184130180,0.84%
2019-01-11,182590630,-1.00%
2019-01-10,184438090,2.04%
2019-01-09,180743170,-0.51%
2019-01-08,181666900,-2.16%
2019-01-07,185669730,5.79%
2019-01-04,175508700,1.97%
2019-01-03,172121690,9.82%
2019-01-02,156726190,12.11%
2018-12-31,139791140,0.57%
2018-12-28,139000500,-1.53%
2018-12-27,141162730,-5.77%
2018-12-26,149811650,5.90%
2018-12-24,141471620,-4.18%
2018-12-21,147649420,-1.24%
2018-12-20,149502760,-6.02%
2018-12-19,159078350,1.18%
2018-12-18,157225010,-0.59%
2018-12-17,158151680,-1.73%
2018-12-14,160931690,-2.62%
2018-12-13,165256150,-3.25%
2018-12-12,170816170,-1.07%
2018-12-11,172669510,-2.10%
2018-12-10,176376190,-1.04%
2018-12-07,178229530,-3.19%
2018-12-06,184098440,0.68%
2018-12-04,182862880,-1.82%
2018-12-03,186260670,-2.74%
2018-11-30,191511800,-2.52%
2018-11-29,196454040,0.95%
2018-11-28,194600700,2.77%
2018-11-27,189349570,
2018-11-26,189349570,-1.45%
2018-11-23,192129580,1.63%
2018-11-21,189040680,-1.61%
2018-11-20,192129580,-6.61%
2018-11-19,205720740,0.76%
2018-11-16,204176290,-0.90%
2018-11-15,206029630,-3.33%
2018-11-14,213134100,-5.48%
2018-11-13,225489700,-2.28%
2018-11-12,230740830,-0.13%
2018-11-09,231049720,-3.36%
2018-11-08,239080860,1.84%
2018-11-07,234756400,7.80%
2018-11-06,217767450,3.68%
2018-11-05,210045200,-2.86%
2018-11-02,216223000,1.16%
2018-11-01,213751880,1.02%
2018-10-31,211589650,-1.72%
2018-10-30,215296330,1.16%
2018-10-29,212825210,0.15%
2018-10-26,212516320,-3.37%
2018-10-25,219929680,4.40%
2018-10-24,210662980,0.15%
2018-10-23,210354090,-0.15%
2018-10-22,210662980,0.15%
2018-10-19,210354090,0.89%
2018-10-18,208500750,4.33%
2018-10-17,199851830,2.21%
2018-10-16,195527370,0.96%
2018-10-15,193674030,3.47%
2018-10-12,187187340,-0.49%
2018-10-11,188114010,0.66%
2018-10-10,186878450,-4.42%
2018-10-09,195527370,-1.86%
2018-10-08,199234050,-7.59%
2018-10-05,215605220,1.16%
2018-10-04,213134100,0.58%
2018-10-03,211898540,1.18%
2018-10-02,209427420,2.42%
2018-10-01,204485180,-5.28%
2018-09-28,215887400,
2018-09-27,215887400,0.45%
2018-09-26,214920740,-0.60%
2018-09-25,216209620,-0.45%
2018-09-24,217176280,2.28%
2018-09-21,212342980,-1.35%
2018-09-20,215242960,-1.76%
2018-09-19,219109600,0.74%
2018-09-18,217498500,-1.89%
2018-09-17,221687360,4.88%
2018-09-14,211376320,-2.67%
2018-09-13,217176280,-3.30%
2018-09-12,224587340,5.61%
2018-09-11,212665200,0.61%
2018-09-10,211376320,-1.65%
2018-09-07,214920740,-0.89%
2018-09-06,216854060,-0.88%
2018-09-05,218787380,-1.74%
2018-09-04,222654020,-2.12%
2018-08-31,227487320,1.00%
2018-08-30,225231780,-0.71%
2018-08-29,226842880,0.43%
2018-08-28,225876220,1.30%
2018-08-27,222976240,2.22%
2018-08-24,218142940,1.50%
2018-08-23,214920740,-1.04%
2018-08-22,217176280,-0.15%
2018-08-21,217498500,-0.59%
2018-08-20,218787380,-3.41%
2018-08-17,226520660,0.86%
2018-08-16,224587340,0.43%
2018-08-15,223620680,6.12%
2018-08-14,210731880,-0.15%
2018-08-13,211054100,-1.06%
2018-08-10,213309640,3.12%
2018-08-09,206865240,-3.17%
2018-08-08,213631860,-2.64%
2018-08-07,219431820,2.56%
2018-08-06,213954080,-1.19%
2018-08-03,216531840,0.15%
2018-08-02,216209620,0.60%
2018-08-01,214920740,-1.04%
2018-07-31,217176280,1.81%
2018-07-30,213309640,1.38%
2018-07-27,210409660,-3.69%
2018-07-26,218465160,3.67%
2018-07-25,210731880,1.40%
2018-07-24,207831900,-1.83%
2018-07-23,211698540,1.08%
2018-07-20,209443000,-1.66%
2018-07-19,212987420,0.76%
2018-07-18,211376320,5.13%
2018-07-17,201065280,2.30%
2018-07-16,196554200,-2.24%
2018-07-13,201065280,
2018-07-12,201065280,18.18%
2018-07-11,170132160,-38.96%
2018-07-10,278720300,-0.92%
2018-07-09,281298060,-1.58%
2018-07-06,285809140,-0.34%
2018-07-05,286775800,1.02%
2018-07-03,283875820,1.61%
2018-07-02,279364740,-2.45%
2018-06-29,286369600,-2.00%
2018-06-28,292227160,-1.43%
2018-06-27,296457620,-0.55%
2018-06-26,298084720,1.55%
2018-06-25,293528840,-0.66%
2018-06-22,295481360,0.11%
2018-06-21,295155940,-0.55%
2018-06-20,296783040,1.11%
2018-06-19,293528840,0.22%
2018-06-18,292878000,0.56%
2018-06-15,291250900,-0.44%
2018-06-14,292552580,1.24%
2018-06-13,288972960,-0.67%
2018-06-12,290925480,2.52%
2018-06-11,283766240,0.23%
2018-06-08,283115400,-0.11%
2018-06-07,283440820,0.35%
2018-06-06,282464560,0.46%
2018-06-05,281162880,1.53%
2018-06-04,276932420,-0.35%
2018-06-01,277908680,0.35%
2018-05-31,276932420,0.12%
2018-05-30,276607000,-0.47%
2018-05-29,277908680,1.55%
2018-05-25,273678220,0.12%
2018-05-24,273352800,1.57%
2018-05-23,269122340,-1.19%
2018-05-22,272376540,0.60%
2018-05-21,270749440,1.34%
2018-05-18,267169820,1.48%
2018-05-17,263264780,2.93%
2018-05-16,255780120,0.51%
2018-05-15,254478440,1.43%
2018-05-14,250898820,-5.05%
2018-05-11,264241039,1.00%
2018-05-10,261637679,5.24%
2018-05-09,248620880,
2018-05-08,248620880,0.66%
2018-05-07,246993780,2.57%
2018-05-04,240810800,
2018-05-03,240810800,-1.60%
2018-05-02,244715840,-0.27%
2018-05-01,245366680,-1.05%
2018-04-30,247970040,0.93%
2018-04-27,245692100,-0.92%
2018-04-26,247970040,-1.80%
2018-04-25,252525920,3.05%
2018-04-24,245041260,-2.08%
2018-04-23,250247980,-2.04%
2018-04-20,255454700,-3.09%
2018-04-19,263590200,-0.25%
2018-04-18,264241039,0.74%
2018-04-17,262288520,0.88%
2018-04-16,260010580,-0.62%
2018-04-13,261637679,
2018-04-12,261637679,-1.35%
2018-04-11,265217300,-0.37%
2018-04-10,266193560,-0.49%
2018-04-09,267495240,
2018-04-06,267495240,-0.60%
2018-04-05,269122340,0.12%
2018-04-04,268796920,1.35%
2018-04-03,265217300,1.49%
2018-04-02,261312259,-5.21%
2018-03-29,275666900,-2.34%
2018-03-28,282269700,2.27%
2018-03-27,275997040,0.97%
2018-03-26,273355920,0.36%
2018-03-23,272365500,-2.14%
2018-03-22,278308020,1.44%
2018-03-21,274346340,-1.07%
2018-03-20,277317600,-1.52%
2018-03-19,281609420,1.07%
2018-03-16,278638160,
2018-03-15,278638160,0.24%
2018-03-14,277977880,0.96%
2018-03-13,275336760,-2.80%
2018-03-12,283260120,-0.35%
2018-03-09,284250540,4.11%
2018-03-08,273025780,0.12%
2018-03-07,272695640,2.23%
2018-03-06,266753120,4.26%
2018-03-05,255858500,-2.88%
2018-03-02,263451720,3.50%
2018-03-01,254537940,2.53%
2018-02-28,248265280,-1.96%
2018-02-27,253217380,1.19%
2018-02-26,250246120,0.93%
2018-02-23,247935140,2.04%
2018-02-22,242983040,0.96%
2018-02-21,240672060,-1.22%
2018-02-20,243643320,-1.07%
2018-02-16,246284440,1.91%
2018-02-15,241662480,1.24%
2018-02-14,238691220,-1.23%
2018-02-13,241662480,-1.61%
2018-02-12,245624160,-1.98%
2018-02-09,250576260,3.83%
2018-02-08,241332340,-1.35%
2018-02-07,244633740,-0.13%
2018-02-06,244963880,-3.01%
2018-02-05,252557100,-4.49%
2018-02-02,264442140,-0.50%
2018-02-01,265762700,-1.23%
2018-01-31,269064100,0.62%
2018-01-30,267413400,-1.34%
2018-01-29,271044940,-0.61%
2018-01-26,272695640,-1.31%
2018-01-25,276327180,-0.36%
2018-01-24,277317600,-1.41%
2018-01-23,281279280,1.43%
2018-01-22,277317600,0.72%
2018-01-19,275336760,-0.48%
2018-01-18,276657320,-0.95%
2018-01-17,279298440,-1.40%
2018-01-16,283260120,-1.04%
2018-01-12,286231380,-0.69%
2018-01-11,288212220,0.92%
2018-01-10,285571100,-0.35%
2018-01-09,286561520,-1.25%
2018-01-08,290193060,1.85%
2018-01-05,284910820,-1.26%
2018-01-04,288542360,
2018-01-03,288542360,
2018-01-02,288542360,3.61%
2017-12-29,278497800,-1.70%
2017-12-28,283310550,0.11%
2017-12-27,282989700,-1.12%
2017-12-26,286198200,0.34%
2017-12-22,285235650,-0.11%
2017-12-21,285556500,-1.33%
2017-12-20,289406700,-0.88%
2017-12-19,291973500,-2.47%
2017-12-18,299353050,-2.00%
2017-12-15,305449200,4.27%
2017-12-14,292936050,0.66%
2017-12-13,291010950,-0.33%
2017-12-12,291973500,1.22%
2017-12-11,288444150,1.35%
2017-12-08,284593950,0.34%
2017-12-07,283631400,-0.23%
2017-12-06,284273100,-0.78%
2017-12-05,286519050,-1.54%
2017-12-04,291010950,0.78%
2017-12-01,288765000,0.56%
2017-11-30,287160750,-1.32%
2017-11-29,291010950,-0.87%
2017-11-28,293577750,0.33%
2017-11-27,292615200,-1.30%
2017-11-24,296465400,0.54%
2017-11-22,294861150,-0.33%
2017-11-21,295823700,1.21%
2017-11-20,292294350,1.11%
2017-11-17,289085850,-1.31%
2017-11-16,292936050,0.66%
2017-11-15,291010950,1.45%
2017-11-14,286839900,-0.89%
2017-11-13,289406700,0.22%
2017-11-10,288765000,0.56%
2017-11-09,287160750,4.07%
2017-11-08,275931000,
2017-11-07,275931000,-0.46%
2017-11-06,277214400,1.05%
2017-11-03,274326750,-0.35%
2017-11-02,275289300,1.90%
2017-11-01,270155700,0.84%
2017-10-31,267909750,0.48%
2017-10-30,266626350,-2.35%
2017-10-27,273043350,-0.35%
2017-10-26,274005900,-2.95%
2017-10-25,282348000,-3.30%
2017-10-24,291973500,-0.11%
2017-10-23,292294350,0.33%
2017-10-20,291331800,0.11%
2017-10-19,291010950,-0.33%
2017-10-18,291973500,1.00%
2017-10-17,289085850,0.33%
2017-10-16,288123300,-1.32%
2017-10-13,291973500,-0.87%
2017-10-12,294540300,0.88%
2017-10-11,291973500,0.66%
2017-10-10,290048400,0.33%
2017-10-09,289085850,-0.99%
2017-10-06,291973500,-1.30%
2017-10-05,295823700,
2017-10-04,295823700,-0.43%
2017-10-03,297107100,0.87%
2017-10-02,294540300,-0.85%
2017-09-29,297072480,0.11%
2017-09-28,296743860,-0.33%
2017-09-27,297729720,0.78%
2017-09-26,295429380,1.01%
2017-09-25,292471800,1.95%
2017-09-22,286885260,2.59%
2017-09-21,279655620,-1.50%
2017-09-20,283927680,-0.23%
2017-09-19,284584920,-2.70%
2017-09-18,292471800,-1.77%
2017-09-15,297729720,0.33%
2017-09-14,296743860,-0.22%
2017-09-13,297401100,0.33%
2017-09-12,296415240,0.89%
2017-09-11,293786280,-0.89%
2017-09-08,296415240,-0.99%
2017-09-07,299372820,0.66%
2017-09-06,297401100,1.69%
2017-09-05,292471800,-0.56%
2017-09-01,294114900,1.02%
2017-08-31,291157320,-0.67%
2017-08-30,293129040,0.56%
2017-08-29,291485940,0.11%
2017-08-28,291157320,2.67%
2017-08-25,283599060,0.47%
2017-08-24,282284580,0.35%
2017-08-23,281298720,2.03%
2017-08-22,275712180,1.08%
2017-08-21,272754600,0.85%
2017-08-18,270454260,-1.79%
2017-08-17,275383560,-2.90%
2017-08-16,283599060,-0.12%
2017-08-15,283927680,-3.25%
2017-08-14,293457660,1.59%
2017-08-11,288856980,0.11%
2017-08-10,288528360,0.46%
2017-08-09,287213880,-0.46%
2017-08-08,288528360,-0.79%
2017-08-07,290828700,-0.34%
2017-08-04,291814560,1.02%
2017-08-03,288856980,-0.23%
2017-08-02,289514220,-0.68%
2017-08-01,291485940,-0.67%
2017-07-31,293457660,-1.11%
2017-07-28,296743860,0.11%
2017-07-27,296415240,-0.88%
2017-07-26,299044200,-2.15%
2017-07-25,305616600,2.65%
2017-07-24,297729720,-4.93%
2017-07-21,313174860,3.36%
2017-07-20,302987640,5.98%
2017-07-19,285899400,0.69%
2017-07-18,283927680,-3.57%
2017-07-17,294443520,0.22%
2017-07-14,293786280,2.29%
2017-07-13,287213880,-0.46%
2017-07-12,288528360,0.57%
2017-07-11,286885260,1.16%
2017-07-10,283599060,-1.37%
2017-07-07,287542500,-0.68%
2017-07-06,289514220,-0.34%
2017-07-05,290500080,-2.54%
2017-07-03,298058340,1.45%
2017-06-30,293786280,1.93%
2017-06-29,288218160,0.11%
2017-06-28,287893590,-1.55%
2017-06-27,292437570,-2.07%
2017-06-26,298604400,-0.43%
2017-06-23,299902680,2.90%
2017-06-22,291463860,1.24%
2017-06-21,287893590,-1.66%
2017-06-20,292762140,-1.42%
2017-06-19,296981550,0.55%
2017-06-16,295358700,0.44%
2017-06-15,294060420,-1.52%
2017-06-14,298604400,-3.36%
2017-06-13,308990640,-1.55%
2017-06-12,313859190,-0.51%
2017-06-09,315482040,1.04%
2017-06-08,312236340,1.05%
2017-06-07,308990640,1.17%
2017-06-06,305420370,-4.56%
2017-06-05,320026020,-0.40%
2017-06-02,321324300,-0.30%
2017-06-01,322298010,2.06%
2017-05-31,315806610,-1.22%
2017-05-30,319701450,-0.91%
2017-05-26,322622580,-0.50%
2017-05-25,324245430,0.50%
2017-05-24,322622580,2.37%
2017-05-23,315157470,0.41%
2017-05-22,313859190,-0.62%
2017-05-19,315806610,0.72%
2017-05-18,313534620,0.42%
2017-05-17,312236340,-3.61%
2017-05-16,323920860,-0.50%
2017-05-15,325543710,-1.96%
2017-05-12,332035110,-0.10%
2017-05-11,332359680,-2.57%
2017-05-10,341123070,-0.76%
2017-05-09,343719630,-1.94%
2017-05-08,350535600,0.56%
2017-05-05,348588180,0.56%
2017-05-04,346640760,-0.65%
2017-05-03,348912750,-0.46%
2017-05-02,350535600,-0.46%
2017-05-01,352158450,-0.46%
2017-04-28,353781300,-0.82%
2017-04-27,356702430,-0.63%
2017-04-26,358974420,0.09%
2017-04-25,358649850,0.27%
2017-04-24,357676140,-0.27%
2017-04-21,358649850,-0.27%
2017-04-20,359623560,0.09%
2017-04-19,359298990,-0.27%
2017-04-18,360272700,0.63%
2017-04-17,358000710,-0.36%
2017-04-13,359298990,0.36%
2017-04-12,358000710,-0.27%
2017-04-11,358974420,1.00%
2017-04-10,355404150,-0.36%
2017-04-07,356702430,1.20%
2017-04-06,352483020,0.09%
2017-04-05,352158450,-1.18%
2017-04-04,356377860,0.27%
2017-04-03,355404150,-1.97%
2017-03-31,362544690,24.24%
2017-03-30,291820070,-0.09%
2017-03-29,292087060,0.37%
2017-03-28,291019100,0.28%
2017-03-27,290218130,0.09%
2017-03-24,289951140,-0.64%
2017-03-23,291820070,1.96%
2017-03-22,286213280,-0.56%
2017-03-21,287815220,-0.65%
2017-03-20,289684150,1.21%
2017-03-17,286213280,0.66%
2017-03-16,284344350,
2017-03-15,284344350,1.72%
2017-03-14,279538530,-0.66%
2017-03-13,281407460,-0.66%
2017-03-10,283276390,
2017-03-09,283276390,-1.76%
2017-03-08,288349200,-0.92%
2017-03-07,291019100,0.28%
2017-03-06,290218130,-1.09%
2017-03-03,293422010,-2.22%
2017-03-02,300096760,-0.97%
2017-03-01,303033650,-0.61%
2017-02-28,304902580,0.62%
2017-02-27,303033650,-0.53%
2017-02-24,304635590,-0.17%
2017-02-23,305169570,5.83%
2017-02-22,288349200,-1.19%
2017-02-21,291820070,0.55%
2017-02-17,290218130,-0.09%
2017-02-16,290485120,-1.18%
2017-02-15,293955990,-1.96%
2017-02-14,299829770,-1.66%
2017-02-13,304902580,0.35%
2017-02-10,303834620,1.16%
2017-02-09,300363750,1.99%
2017-02-08,294489970,0.46%
2017-02-07,293155020,-1.52%
2017-02-06,297693850,-2.02%
2017-02-03,303834620,0.26%
2017-02-02,303033650,-0.53%
2017-02-01,304635590,0.44%
2017-01-31,303300640,0.09%
2017-01-30,303033650,-0.44%
2017-01-27,304368600,1.97%
2017-01-26,298494820,2.10%
2017-01-25,292354050,0.55%
2017-01-24,290752110,0.18%
2017-01-23,290218130,0.65%
2017-01-20,288349200,1.12%
2017-01-19,285145320,0.19%
2017-01-18,284611340,-1.30%
2017-01-17,288349200,-1.37%
2017-01-13,292354050,-0.09%
2017-01-12,292621040,-0.63%
2017-01-11,294489970,1.10%
2017-01-10,291286090,-0.64%
2017-01-09,293155020,
2017-01-06,293155020,-0.81%
2017-01-05,295557930,-1.86%
2017-01-04,301164720,1.53%
2017-01-03,296625890,-0.45%
2016-12-30,297960840,
2016-12-29,297960840,-0.98%
2016-12-28,300897730,0.81%
2016-12-27,298494820,-0.36%
2016-12-23,299562780,1.81%
2016-12-22,294222980,0.64%
2016-12-21,292354050,-0.73%
2016-12-20,294489970,1.47%
2016-12-19,290218130,1.30%
2016-12-16,286480270,2.09%
2016-12-15,280606490,-1.78%
2016-12-14,285679300,-4.55%
2016-12-13,299295790,0.27%
2016-12-12,298494820,-0.36%
2016-12-09,299562780,-0.44%
2016-12-08,300897730,0.36%
2016-12-07,299829770,0.27%
2016-12-06,299028800,
2016-12-05,299028800,1.27%
2016-12-02,295290940,-0.54%
2016-12-01,296892880,0.09%
2016-11-30,296625890,-6.17%
2016-11-29,316116160,1.11%
2016-11-28,312645290,-1.01%
2016-11-25,315849170,1.11%
2016-11-23,312378300,
2016-11-22,312378300,0.43%
2016-11-21,311043350,-1.69%
2016-11-18,316383150,1.54%
2016-11-17,311577330,3.37%
2016-11-16,301431710,0.62%
2016-11-15,299562780,2.94%
2016-11-14,291019100,2.35%
2016-11-11,284344350,2.11%
2016-11-10,278470570,2.15%
2016-11-09,272596790,-0.68%
2016-11-08,274465720,-0.87%
2016-11-07,276868630,0.68%
2016-11-04,274999700,2.18%
2016-11-03,269125920,-0.49%
2016-11-02,270460870,-1.94%
2016-11-01,275800670,-2.91%
2016-10-31,284077360,0.38%
2016-10-28,283009400,0.19%
2016-10-27,282475420,-1.58%
2016-10-26,287014250,-1.10%
2016-10-25,290218130,0.74%
2016-10-24,288082210,0.47%
2016-10-21,286747260,0.56%
2016-10-20,285145320,0.66%
2016-10-19,283276390,0.57%
2016-10-18,281674450,0.57%
2016-10-17,280072510,0.58%
2016-10-14,278470570,-0.67%
2016-10-13,280339500,
2016-10-12,280339500,0.10%
2016-10-11,280072510,-0.76%
2016-10-10,282208430,-0.19%
2016-10-07,282742410,-2.58%
2016-10-06,290218130,-0.55%
2016-10-05,291820070,0.09%
2016-10-04,291553080,-2.67%
2016-10-03,299562780,0.18%
2016-09-30,299028800,94.78%
2016-09-29,153523260,-0.71%
2016-09-28,154617900,-1.57%
2016-09-27,157080840,0.97%
2016-09-26,155575710,1.70%
2016-09-23,152975940,-0.18%
2016-09-22,153249600,2.19%
2016-09-21,149965680,0.55%
2016-09-20,149144700,0.09%
2016-09-19,149007870,0.28%
2016-09-16,148597380,0.46%
2016-09-15,147913230,-0.37%
2016-09-14,148460550,0.65%
2016-09-13,147502740,3.45%
2016-09-12,142576860,-6.13%
2016-09-09,151881300,-2.46%
2016-09-08,155712540,-0.87%
2016-09-07,157080840,-1.03%
2016-09-06,158722800,-0.43%
2016-09-02,159406950,0.17%
2016-09-01,159133290,-0.17%
2016-08-31,159406950,-0.34%
2016-08-30,159954270,1.04%
2016-08-29,158312310,4.61%
2016-08-26,151333980,-2.56%
2016-08-25,155302050,-0.61%
2016-08-24,156259860,-1.97%
2016-08-23,159406950,1.75%
2016-08-22,156670350,2.78%
2016-08-19,152428620,-1.50%
2016-08-18,154754730,-0.18%
2016-08-17,155028390,-0.44%
2016-08-16,155712540,0.98%
2016-08-15,154207410,1.08%
2016-08-12,152565450,-1.41%
2016-08-11,154754730,-1.74%
2016-08-10,157491330,-1.12%
2016-08-09,159270120,1.13%
2016-08-08,157491330,-1.88%
2016-08-05,160501590,-0.51%
2016-08-04,161322570,-1.26%
2016-08-03,163375020,1.70%
2016-08-02,160638420,-0.34%
2016-08-01,161185740,
2016-07-29,161185740,0.51%
2016-07-28,160364760,0.34%
2016-07-27,159817440,1.04%
2016-07-26,158175480,-1.62%
2016-07-25,160775250,0.77%
2016-07-22,159543780,-0.60%
2016-07-21,160501590,-0.51%
2016-07-20,161322570,0.51%
2016-07-19,160501590,
2016-07-18,160501590,1.73%
2016-07-15,157764990,0.52%
2016-07-14,156944010,-0.35%
2016-07-13,157491330,-0.78%
2016-07-12,158722800,-0.51%
2016-07-11,159543780,0.95%
2016-07-08,158038650,0.43%
2016-07-07,157354500,-0.61%
2016-07-06,158312310,1.14%
2016-07-05,156533520,
2016-07-01,156533520,1.06%
2016-06-30,154891560,14.68%
2016-06-29,135063520,-1.07%
2016-06-28,136521040,3.31%
2016-06-27,132148480,-0.46%
2016-06-24,132755780,-1.80%
2016-06-23,135184980,-0.62%
2016-06-22,136035200,0.63%
2016-06-21,135184980,0.54%
2016-06-20,134456220,-0.72%
2016-06-17,135427900,0.81%
2016-06-16,134334760,0.45%
2016-06-15,133727460,2.51%
2016-06-14,130448040,-0.19%
2016-06-13,130690960,-2.89%
2016-06-10,134577680,-0.27%
2016-06-09,134942060,-0.36%
2016-06-08,135427900,0.18%
2016-06-07,135184980,0.45%
2016-06-06,134577680,-1.69%
2016-06-03,136885420,-0.09%
2016-06-02,137006880,
2016-06-01,137006880,0.98%
2016-05-31,135670820,0.63%
2016-05-27,134820600,-0.09%
2016-05-26,134942060,-0.09%
2016-05-25,135063520,-0.63%
2016-05-24,135913740,
2016-05-23,135913740,0.72%
2016-05-20,134942060,-0.54%
2016-05-19,135670820,-0.45%
2016-05-18,136278120,0.18%
2016-05-17,136035200,-1.58%
2016-05-16,138221480,-0.09%
2016-05-13,138342940,0.62%
2016-05-12,137492720,0.89%
2016-05-11,136278120,0.45%
2016-05-10,135670820,-2.27%
2016-05-09,138828780,2.05%
2016-05-06,136035200,1.82%
2016-05-05,133606000,-0.81%
2016-05-04,134699140,1.46%
2016-05-03,132755780,0.18%
2016-05-02,132512860,1.11%
2016-04-29,131055339,0.84%
2016-04-28,129962199,-0.19%
2016-04-27,130205120,-2.19%
2016-04-26,133120160,0.74%
2016-04-25,132148480,0.65%
2016-04-22,131298260,1.03%
2016-04-21,129962199,-0.37%
2016-04-20,130448040,-0.83%
2016-04-19,131541180,1.59%
2016-04-18,129476360,-0.93%
2016-04-15,130690960,-0.09%
2016-04-14,130812420,-0.92%
2016-04-13,132027019,0.56%
2016-04-12,131298260,0.56%
2016-04-11,130569500,
2016-04-08,130569500,0.09%
2016-04-07,130448040,-0.74%
2016-04-06,131419720,-0.18%
2016-04-05,131662640,-0.09%
2016-04-04,131784100,0.93%
2016-04-01,130569500,0.19%
2016-03-31,130326580,2.54%
2016-03-30,127097160,
2016-03-29,127097160,-0.46%
2016-03-28,127688859,0.47%
2016-03-24,127097160,0.09%
2016-03-23,126978820,-0.28%
2016-03-22,127333840,0.28%
2016-03-21,126978820,
2016-03-18,126978820,0.28%
2016-03-17,126623799,-0.19%
2016-03-16,126860480,0.28%
2016-03-15,126505460,-0.37%
2016-03-14,126978820,
2016-03-11,126978820,-0.19%
2016-03-10,127215500,-0.56%
2016-03-09,127925540,-0.46%
2016-03-08,128517240,0.65%
2016-03-07,127688859,0.47%
2016-03-04,127097160,-1.20%
2016-03-03,128635579,-1.63%
2016-03-02,130765700,0.45%
2016-03-01,130174000,0.36%
2016-02-29,129700640,0.27%
2016-02-26,129345620,2.34%
2016-02-25,126387120,1.52%
2016-02-24,124493680,-0.28%
2016-02-23,124848700,0.48%
2016-02-22,124257000,-0.10%
2016-02-19,124375340,
2016-02-18,124375340,0.57%
2016-02-17,123665299,1.26%
2016-02-16,122126880,0.68%
2016-02-12,121298500,-0.49%
2016-02-11,121890200,-0.58%
2016-02-10,122600240,-1.15%
2016-02-09,124020320,-0.57%
2016-02-08,124730359,-0.85%
2016-02-05,125795420,-0.09%
2016-02-04,125913760,6.08%
2016-02-03,118695019,-0.30%
2016-02-02,119050040,-4.28%
2016-02-01,124375340,0.48%
2016-01-29,123783640,0.97%
2016-01-28,122600240,0.78%
2016-01-27,121653519,-0.39%
2016-01-26,122126880,2.58%
2016-01-25,119050040,-1.37%
2016-01-22,120706799,-1.83%
2016-01-21,122955260,0.39%
2016-01-20,122481900,-0.67%
2016-01-19,123310280,-0.86%
2016-01-15,124375340,-2.87%
2016-01-14,128043880,1.50%
2016-01-13,126150440,1.14%
2016-01-12,124730359,-2.41%
2016-01-11,127807200,1.41%
2016-01-08,126032100,-1.11%
2016-01-07,127452180,-2.00%
2016-01-06,130055660,-0.54%
2016-01-05,130765700,2.50%
2016-01-04,127570519,-1.73%
2015-12-31,129818980,1.86%
2015-12-30,127448701,-2.71%
2015-12-29,130998804,-0.90%
2015-12-28,132182172,1.92%
2015-12-24,129697099,0.27%
2015-12-23,129342089,-0.27%
2015-12-22,129697099,
2015-12-21,129697099,-0.27%
2015-12-18,130052110,-0.72%
2015-12-17,130998804,-0.54%
2015-12-16,131708825,2.20%
2015-12-15,128868742,2.74%
2015-12-14,125436976,-1.03%
2015-12-11,126738680,-2.55%
2015-12-10,130052110,-1.61%
2015-12-09,132182172,-0.71%
2015-12-08,133128866,-0.88%
2015-12-07,134312233,0.53%
2015-12-04,133602213,1.26%
2015-12-03,131945498,-0.62%
2015-12-02,132773855,
2015-12-01,132773855,-1.49%
2015-11-30,134785581,3.45%
2015-11-27,130288783,-1.26%
2015-11-25,131945498,0.72%
2015-11-24,130998804,-1.34%
2015-11-23,132773855,0.72%
2015-11-20,131827161,0.91%
2015-11-19,130643794,1.10%
2015-11-18,129223752,1.11%
2015-11-17,127803711,0.67%
2015-11-16,126946953,-1.13%
2015-11-13,128395395,-0.64%
2015-11-12,129223752,-0.55%
2015-11-11,129933773,3.78%
2015-11-10,125200302,4.96%
2015-11-09,119283464,-1.85%
2015-11-06,121531862,1.58%
2015-11-05,119638474,-1.17%
2015-11-04,121058515,0.29%
2015-11-03,120703505,-1.07%
2015-11-02,122005209,0.49%
2015-10-30,121413526,0.10%
2015-10-29,121295189,-1.25%
2015-10-28,122833567,-0.57%
2015-10-27,123543587,-1.79%
2015-10-26,125791986,-0.19%
2015-10-23,126028660,-0.47%
2015-10-22,126620343,-0.28%
2015-10-21,126975354,-0.92%
2015-10-20,128158721,-1.55%
2015-10-19,130170447,-0.45%
2015-10-16,130762130,2.79%
2015-10-15,127212027,3.46%
2015-10-14,122951904,-1.05%
2015-10-13,124253608,-0.76%
2015-10-12,125200302,0.38%
2015-10-09,124726955,
2015-10-08,124726955,1.44%
2015-10-07,122951904,-0.48%
2015-10-06,123543587,0.77%
2015-10-05,122596893,-0.86%
2015-10-02,123661924,1.55%
2015-10-01,121768536,-2.00%
2015-09-30,124253608,11.51%
2015-09-29,111429728,-0.60%
2015-09-28,112098976,-1.28%
2015-09-25,113549012,0.20%
2015-09-24,113327045,-1.64%
2015-09-23,115222131,2.28%
2015-09-22,112656682,-0.39%
2015-09-21,113102847,-0.10%
2015-09-18,113214389,1.40%
2015-09-17,111652811,-0.60%
2015-09-16,112322058,-0.59%
2015-09-15,112991306,-0.20%
2015-09-14,113214389,-0.39%
2015-09-11,113660554,0.30%
2015-09-10,113325930,-1.74%
2015-09-09,115333673,-1.52%
2015-09-08,117118333,0.77%
2015-09-04,116226003,-1.23%
2015-09-03,117676039,1.64%
2015-09-02,115779838,-1.05%
2015-09-01,117006792,-0.76%
2015-08-31,117899122,1.44%
2015-08-28,116226003,0.87%
2015-08-27,115222131,2.28%
2015-08-26,112656682,2.54%
2015-08-25,109868150,-1.50%
2015-08-24,111541270,-4.03%
2015-08-21,116226003,-2.62%
2015-08-20,119349158,-0.93%
2015-08-19,120464571,0.28%
2015-08-18,120129947,-0.92%
2015-08-17,121245360,-1.00%
2015-08-14,122472314,1.57%
2015-08-13,120576112,-0.18%
2015-08-12,120799195,0.37%
2015-08-11,120353030,0.19%
2015-08-10,120129947,0.56%
2015-08-07,119460700,-1.02%
2015-08-06,120687654,-0.73%
2015-08-05,121579984,-0.91%
2015-08-04,122695397,1.29%
2015-08-03,121133819,-1.27%
2015-07-31,122695397,0.92%
2015-07-30,121579984,0.93%
2015-07-29,120464571,-1.28%
2015-07-28,122026149,4.09%
2015-07-27,117229874,-1.50%
2015-07-24,119014535,-3.26%
2015-07-23,123030020,0.09%
2015-07-22,122918479,0.18%
2015-07-21,122695397,
2015-07-20,122695397,
2015-07-17,122695397,-0.45%
2015-07-16,123253103,-1.34%
2015-07-15,124926222,-9.46%
2015-07-14,137976550,0.98%
2015-07-13,136638055,2.08%
2015-07-10,133849524,
2015-07-09,133849524,0.50%
2015-07-08,133180276,-0.91%
2015-07-07,134407230,0.42%
2015-07-06,133849524,
2015-07-02,133849524,
2015-07-01,133849524,0.84%
2015-06-30,132734111,40.14%
2015-06-29,94712400,0.08%
2015-06-26,94633473,2.13%
2015-06-25,92660298,0.26%
2015-06-24,92423517,1.39%
2015-06-23,91160685,-2.92%
2015-06-22,93907344,-0.85%
2015-06-19,94712400,3.45%
2015-06-18,91555320,
2015-06-17,91555320,-0.85%
2015-06-16,92344590,-1.18%
2015-06-15,93449568,3.41%
2015-06-12,90371415,1.51%
2015-06-11,89029656,1.17%
2015-06-10,88003605,0.63%
2015-06-09,87451116,2.12%
2015-06-08,85635795,-1.45%
2015-06-05,86898627,-0.27%
2015-06-04,87135408,-1.52%
2015-06-03,88477167,2.19%
2015-06-02,86582919,-0.09%
2015-06-01,86661846,0.09%
2015-05-29,86582919,-0.09%
2015-05-28,86661846,-0.18%
2015-05-27,86819700,1.29%
2015-05-26,85714722,-1.18%
2015-05-22,86740773,1.20%
2015-05-21,85714722,0.00%
2015-05-20,85713932,-1.27%
2015-05-19,86819700,-2.65%
2015-05-18,89187510,0.53%
2015-05-15,88713948,-0.53%
2015-05-14,89187510,1.99%
2015-05-13,87451116,-1.25%
2015-05-12,88556094,-3.19%
2015-05-11,91476393,2.11%
2015-05-08,89582145,-1.39%
2015-05-07,90844977,-1.54%
2015-05-06,92265663,-1.35%
2015-05-05,93528495,-0.34%
2015-05-04,93844203,0.42%
2015-05-01,93449568,-0.42%
2015-04-30,93844203,-0.92%
2015-04-29,94712400,-1.32%
2015-04-28,95975232,0.16%
2015-04-27,95817378,-0.49%
2015-04-24,96290940,0.91%
2015-04-23,95422743,0.58%
2015-04-22,94870254,-0.66%
2015-04-21,95501670,1.68%
2015-04-20,93923130,-0.83%
2015-04-17,94712400,1.78%
2015-04-16,93054933,1.55%
2015-04-15,91634247,
2015-04-14,91634247,0.43%
2015-04-13,91239612,-0.09%
2015-04-10,91318539,0.43%
2015-04-09,90923904,-1.03%
2015-04-08,91871028,-1.02%
2015-04-07,92818152,-0.34%
2015-04-06,93133860,-0.67%
2015-04-02,93765276,1.28%
2015-04-01,92581371,-0.09%
2015-03-31,92660298,7.19%
2015-03-30,86446558,0.97%
2015-03-27,85618237,1.97%
2015-03-26,83961596,-5.11%
2015-03-25,88479709,3.52%
2015-03-24,85467633,0.44%
2015-03-23,85091124,3.01%
2015-03-20,82606162,-0.09%
2015-03-19,82681464,0.27%
2015-03-18,82455558,-0.45%
2015-03-17,82832068,1.95%
2015-03-16,81250728,-3.75%
2015-03-13,84413407,4.96%
2015-03-12,80422407,-2.02%
2015-03-11,82079049,0.37%
2015-03-10,81777841,-1.45%
2015-03-09,82982671,-0.54%
2015-03-06,83434483,-0.54%
2015-03-05,83886294,-1.68%
2015-03-04,85317030,-0.09%
2015-03-03,85392331,0.71%
2015-03-02,84789916,0.45%
2015-02-27,84413407,0.09%
2015-02-26,84338105,0.45%
2015-02-25,83961596,-1.33%
2015-02-24,85091124,0.18%
2015-02-23,84940520,0.18%
2015-02-20,84789916,0.36%
2015-02-19,84488709,2.19%
2015-02-18,82681464,
2015-02-17,82681464,-3.26%
2015-02-13,85467633,1.43%
2015-02-12,84262803,5.37%
2015-02-11,79970596,
2015-02-10,79970596,-0.65%
2015-02-09,80497709,-0.09%
2015-02-06,80573011,-0.37%
2015-02-05,80874219,0.37%
2015-02-04,80573011,0.85%
2015-02-03,79895294,-1.21%
2015-02-02,80874219,0.75%
2015-01-30,80271804,-1.75%
2015-01-29,81702539,1.02%
2015-01-28,80874219,0.37%
2015-01-27,80573011,-1.74%
2015-01-26,82003747,2.54%
2015-01-23,79970596,-1.30%
2015-01-22,81024822,1.32%
2015-01-21,79970596,-2.12%
2015-01-20,81702539,0.65%
2015-01-16,81175426,
2015-01-15,81175426,1.65%
2015-01-14,79855384,-1.81%
2015-01-13,81326030,-0.46%
2015-01-12,81702539,0.37%
2015-01-09,81401332,0.65%
2015-01-08,80874219,-0.56%
2015-01-07,81326030,3.35%
2015-01-06,78690464,-1.88%
2015-01-05,80196502,-0.93%
2015-01-02,80949521,3.27%
2014-12-31,78389257,-0.50%
2014-12-30,78783106,-3.85%
2014-12-29,81940444,0.37%
2014-12-26,81639745,0.46%
2014-12-24,81263872,-1.37%
2014-12-23,82391493,-0.18%
2014-12-22,82541842,-3.60%
2014-12-19,85624006,2.61%
2014-12-18,83443939,0.45%
2014-12-17,83068065,0.27%
2014-12-16,82842541,0.09%
2014-12-15,82767366,-3.42%
2014-12-12,85699180,1.79%
2014-12-11,84195686,-0.09%
2014-12-10,84270861,-0.36%
2014-12-09,84571560,2.27%
2014-12-08,82692192,-0.99%
2014-12-05,83519113,0.36%
2014-12-04,83218415,3.34%
2014-12-03,80527160,-0.26%
2014-12-02,80737649,-0.09%
2014-12-01,80812824,-3.07%
2014-11-28,83368764,-1.42%
2014-11-26,84571560,-1.06%
2014-11-25,85473656,3.27%
2014-11-24,82767366,1.01%
2014-11-21,81940444,5.52%
2014-11-20,77655485,-0.29%
2014-11-19,77881009,1.77%
2014-11-18,76527864,-1.26%
2014-11-17,77505136,1.58%
2014-11-14,76302340,-0.49%
2014-11-13,76678214,-2.95%
2014-11-12,79008630,-0.19%
2014-11-11,79158980,-1.22%
2014-11-10,80136251,0.68%
2014-11-07,79594993,-0.49%
2014-11-06,79985902,0.38%
2014-11-05,79685203,0.95%
2014-11-04,78933456,-0.38%
2014-11-03,79234154,1.74%
2014-10-31,77881009,-0.38%
2014-10-30,78181708,-0.67%
2014-10-29,78707931,1.06%
2014-10-28,77881009,-0.48%
2014-10-27,78256883,-0.76%
2014-10-24,78858281,-0.29%
2014-10-23,79083805,0.19%
2014-10-22,78933456,5.00%
2014-10-21,75174720,2.15%
2014-10-20,73596050,-0.61%
2014-10-17,74047099,3.47%
2014-10-16,71566333,0.37%
2014-10-15,71300214,-2.52%
2014-10-14,73145002,0.31%
2014-10-13,72919478,-2.02%
2014-10-10,74422972,-2.56%
2014-10-09,76377515,2.11%
2014-10-08,74798846,-1.68%
2014-10-07,76076816,0.70%
2014-10-06,75550593,-0.99%
2014-10-03,76302340,-1.93%
2014-10-02,77805835,-4.26%
2014-10-01,81263872,-1.73%
2014-09-30,82692192,19.23%
2014-09-29,69357783,-1.70%
2014-09-26,70555781,0.09%
2014-09-25,70492728,1.36%
2014-09-24,69546940,-0.63%
2014-09-23,69988308,-1.16%
2014-09-22,70807991,-2.77%
2014-09-19,72825672,0.79%
2014-09-18,72258199,1.96%
2014-09-17,70871043,-2.60%
2014-09-16,72762619,-1.37%
2014-09-15,73771460,0.09%
2014-09-12,73708407,-0.09%
2014-09-11,73771460,-0.17%
2014-09-10,73897565,1.03%
2014-09-09,73140934,-0.26%
2014-09-08,73330092,-0.17%
2014-09-05,73456197,-0.17%
2014-09-04,73582302,-1.10%
2014-09-03,74401985,
2014-09-02,74401985,1.81%
2014-08-29,73077882,-1.86%
2014-08-28,74465037,-0.92%
2014-08-27,75158615,3.56%
2014-08-26,72573462,-1.03%
2014-08-25,73330092,-2.68%
2014-08-22,75347773,4.64%
2014-08-21,72005989,2.88%
2014-08-20,69988308,-0.54%
2014-08-19,70366623,-1.41%
2014-08-18,71375463,4.43%
2014-08-15,68348942,2.65%
2014-08-14,66583471,-3.12%
2014-08-13,68727257,1.87%
2014-08-12,67466207,-1.92%
2014-08-11,68790310,0.55%
2014-08-08,68411995,0.37%
2014-08-07,68159784,0.46%
2014-08-06,67844522,0.47%
2014-08-05,67529259,-2.64%
2014-08-04,69357783,1.85%
2014-08-01,68096732,-8.63%
2014-07-31,74528090,-1.75%
2014-07-30,75852193,0.17%
2014-07-29,75726088,
2014-07-28,75726088,-0.50%
2014-07-25,76104403,-4.66%
2014-07-24,79824502,-2.99%
2014-07-23,82283551,-4.26%
2014-07-22,85940598,1.34%
2014-07-21,84805652,-0.43%
2014-07-18,85171357,-0.60%
2014-07-17,85688388,2.07%
2014-07-16,83948138,-0.85%
2014-07-15,84669459,-0.19%
2014-07-14,84834657,1.00%
2014-07-11,83992275,1.15%
2014-07-10,83040182,-0.60%
2014-07-09,83544602,0.23%
2014-07-08,83355444,0.38%
2014-07-07,83040182,0.23%
2014-07-03,82851024,-0.68%
2014-07-02,83418497,-0.23%
2014-07-01,83607654,1.22%
2014-06-30,82598814,110.98%
2014-06-27,39150550,-1.57%
2014-06-26,39776958,0.63%
2014-06-25,39526395,0.88%
2014-06-24,39181870,0.08%
2014-06-23,39150550,2.04%
2014-06-20,38367539,-7.55%
2014-06-19,41499583,
2014-06-18,41499583,-1.12%
2014-06-17,41969389,1.13%
2014-06-16,41499583,-0.67%
2014-06-13,41781466,0.30%
2014-06-12,41656185,0.99%
2014-06-11,41249019,1.23%
2014-06-10,40747892,-1.06%
2014-06-09,41186378,
2014-06-06,41186378,0.46%
2014-06-05,40998455,
2014-06-04,40998455,-0.38%
2014-06-03,41155058,0.46%
2014-06-02,40967135,-0.15%
2014-05-30,41029776,1.71%
2014-05-29,40340726,0.55%
2014-05-28,40121483,0.00%
2014-05-27,40121796,-1.54%
2014-05-23,40747892,2.28%
2014-05-22,39839599,1.89%
2014-05-21,39100437,-1.62%
2014-05-20,39745638,4.02%
2014-05-19,38210936,-1.05%
2014-05-16,38618102,-1.12%
2014-05-15,39056275,-0.48%
2014-05-14,39244824,-0.29%
2014-05-13,39360396,0.46%
2014-05-12,39181870,-4.43%
2014-05-09,40998455,-1.21%
2014-05-08,41499583,0.68%
2014-05-07,41217699,1.00%
2014-05-06,40810533,-4.05%
2014-05-05,42533157,-1.59%
2014-05-02,43222207,-0.54%
2014-05-01,43457110,-0.68%
2014-04-30,43754654,1.31%
2014-04-29,43190886,1.40%
2014-04-28,42595798,-0.77%
2014-04-25,42924663,2.66%
2014-04-24,41812787,-0.74%
2014-04-23,42125991,
2014-04-22,42125991,0.37%
2014-04-21,41969389,-0.37%
2014-04-17,42125991,0.75%
2014-04-16,41812787,1.14%
2014-04-15,41342980,0.76%
2014-04-14,41029776,0.92%
2014-04-11,40653931,